1,0.879392957,0.776823167,0.580619565,0.646612817,0.703880949,0.699443339,0.336776229,0.452241161,0.300944242,0.400469543,0.430923894,0.493157216,0.455026701,0.229880274,0.381913943,0.389829359,0.312881935,0.239576608,0.324005428,0.35142999,0.368250145,0.11564997,0.132684627,0.146625639,0.186096034,0.175652188,0.171042162,0.292608304,0.318468718,0.284007727,0.150742672,0.11264733,0.123000874,0.121299686,0.136609756,0.149448775,0.238179585,0.272171376,0.214270577,0.17835374,0.276814914,0.224226345,0.169448428,0.181956711,0.18407807,0.206947382,0.226099917,0.223513322,0.206106999,0.272353201,0.284559805,0.24451032,0.262104998,0.202786578,0.209299604,0.268231164,0.247826391,0.166982981,0.161731986
0.879392957,1,0.855394351,0.654221917,0.693092321,0.762715546,0.6562818,0.372363357,0.457221864,0.322595802,0.445760089,0.454358579,0.527418853,0.470517866,0.1948769,0.329178823,0.397724758,0.322453073,0.254311723,0.352231101,0.388194574,0.396644793,0.124236522,0.12616524,0.145026679,0.19188417,0.187232699,0.182082384,0.309338335,0.337373816,0.303560042,0.155082589,0.124489285,0.138030986,0.127873943,0.14563248,0.157824874,0.245905304,0.275607887,0.215045044,0.183453073,0.323850521,0.261878201,0.193206949,0.204753268,0.205731839,0.22263554,0.227308973,0.220017179,0.199221406,0.322313106,0.32981266,0.291520571,0.317764996,0.231230987,0.22410707,0.249790205,0.301192813,0.225146842,0.186747728
0.776823167,0.855394351,1,0.691539477,0.743257317,0.655366287,0.633508911,0.354705934,0.449921901,0.269775039,0.499178718,0.351826719,0.469380465,0.502406468,0.176185117,0.326359536,0.407923336,0.312388739,0.243059542,0.392645691,0.455291243,0.458770086,0.116379217,0.117303306,0.107985635,0.176088173,0.163188077,0.151560606,0.318093578,0.360872429,0.294035237,0.140061055,0.130802564,0.127828622,0.102341365,0.115440283,0.124192372,0.223715844,0.270339266,0.199323753,0.161480777,0.344381471,0.277592905,0.180269566,0.178122141,0.166431384,0.174427824,0.193834423,0.195957352,0.188001124,0.3601962,0.371138197,0.30186544,0.28464073,0.190045164,0.191217551,0.234992386,0.330907954,0.219536754,0.166378237
0.580619565,0.654221917,0.691539477,1,0.614919155,0.622388906,0.578115916,0.462731582,0.423713452,0.307455644,0.510260253,0.30597232,0.367454592,0.496249861,0.231446591,0.257179327,0.334466254,0.28505387,0.280334507,0.420672539,0.450564506,0.403299198,0.144877553,0.122537726,0.146705618,0.161424446,0.167771838,0.165925748,0.314300783,0.356176005,0.281348048,0.188845266,0.194096001,0.209207812,0.152338124,0.149833247,0.142273947,0.218385535,0.273171105,0.213115565,0.192440241,0.337986142,0.366198858,0.276663646,0.264169596,0.220376798,0.178162263,0.172059623,0.163156845,0.160971957,0.435563108,0.461815444,0.411428527,0.370666114,0.201123798,0.162552897,0.173345674,0.431061121,0.335242624,0.179730666
0.646612817,0.693092321,0.743257317,0.614919155,1,0.499091025,0.539516876,0.396178345,0.426742096,0.230858346,0.493300342,0.402856701,0.491056876,0.570377713,0.19628752,0.311480547,0.370226339,0.278783535,0.227194196,0.388209406,0.464407081,0.476525964,0.140214983,0.197524,0.107571585,0.153164867,0.14291123,0.142393079,0.293178695,0.325686131,0.27330394,0.187954325,0.143024384,0.142794504,0.110064567,0.113213094,0.109694131,0.180566248,0.222247193,0.177959465,0.158333743,0.292653813,0.27102185,0.197354679,0.187071219,0.160747485,0.146744785,0.159102771,0.171594877,0.164466215,0.322239338,0.347279344,0.29935552,0.265702402,0.162528742,0.164160075,0.201069851,0.298852188,0.204172044,0.154985947
0.703880949,0.762715546,0.655366287,0.622388906,0.499091025,1,0.680027586,0.387965328,0.394432596,0.339964722,0.384032533,0.418032199,0.460226288,0.49545209,0.268185026,0.30700019,0.366986071,0.317265983,0.279660656,0.330334171,0.342166485,0.344764114,0.160820888,0.145430705,0.23239436,0.237973773,0.243165387,0.251193049,0.320764576,0.363220025,0.395631963,0.139986702,0.220868773,0.231964837,0.209300034,0.225831235,0.238880827,0.306722465,0.346421045,0.300679108,0.20670387,0.399048896,0.36026921,0.300830411,0.309654503,0.301301632,0.307284733,0.294569219,0.268640824,0.226777902,0.411687357,0.408705899,0.402487764,0.427898218,0.307834549,0.271789602,0.258724946,0.407516509,0.34442825,0.252396147
0.699443339,0.6562818,0.633508911,0.578115916,0.539516876,0.680027586,1,0.378363278,0.40658059,0.323162065,0.411946761,0.405829428,0.429090938,0.553394792,0.406992464,0.368842438,0.383120221,0.317494562,0.278100919,0.359296649,0.387570376,0.383799293,0.102668948,0.174160102,0.242575084,0.227770394,0.227357931,0.232491763,0.321735879,0.382637102,0.379055955,0.206888038,0.306751539,0.295645113,0.240333611,0.235676403,0.221793288,0.276218964,0.350181695,0.30181038,0.212238647,0.425987596,0.42955853,0.358165049,0.336858979,0.28514879,0.246430929,0.266158801,0.257271103,0.223049437,0.44861271,0.472585895,0.441393643,0.367205474,0.230860946,0.202904394,0.230518835,0.42282166,0.275411537,0.161310157
0.336776229,0.372363357,0.354705934,0.462731582,0.396178345,0.387965328,0.378363278,1,0.703125712,0.662514133,0.749193673,0.360635648,0.279126373,0.275157035,0.258259339,0.471016438,0.702939353,0.665887157,0.643598665,0.724249907,0.677311745,0.573241287,0.159996252,0.395579748,0.368568375,0.47634502,0.480459467,0.462386967,0.639179701,0.622054902,0.497476536,0.29226719,0.242961556,0.26207309,0.320725531,0.342697782,0.355737543,0.510073367,0.526723621,0.429291958,0.389010666,0.260482843,0.282654089,0.288162743,0.299081608,0.305659224,0.343143589,0.3900693,0.400208639,0.364224241,0.300215407,0.315044792,0.316109353,0.306779965,0.305707936,0.311926309,0.350492898,0.295823739,0.258610663,0.209158862
0.452241161,0.457221864,0.449921901,0.423713452,0.426742096,0.394432596,0.40658059,0.703125712,1,0.730013125,0.760991775,0.391737915,0.306574785,0.219837159,0.276120749,0.706149761,0.864587907,0.853961699,0.731716378,0.75524775,0.684875715,0.608278433,0.236265485,0.324166106,0.429843232,0.590688543,0.585585492,0.538087334,0.731132099,0.639328851,0.41666958,0.256594055,0.204752478,0.25061492,0.360403461,0.394495093,0.425395057,0.586471222,0.54969035,0.421060665,0.341797778,0.239588293,0.231713913,0.260080256,0.292936548,0.327640327,0.405286641,0.462952238,0.437189668,0.387893677,0.248132267,0.252791722,0.252709442,0.296932595,0.365242096,0.3894665,0.469396887,0.240409139,0.22906411,0.2786527
0.300944242,0.322595802,0.269775039,0.307455644,0.230858346,0.339964722,0.323162065,0.662514133,0.730013125,1,0.67725627,0.593248746,0.342103581,0.146591394,0.247391335,0.491924825,0.71918531,0.833481319,0.891169786,0.759835432,0.61423064,0.472062331,0.192899523,0.312796848,0.543651275,0.635429751,0.695804509,0.675675438,0.743573326,0.635402313,0.423219647,0.211093011,0.216106898,0.321727966,0.453908502,0.516653858,0.54479395,0.686942116,0.616636563,0.518503972,0.494070461,0.198602884,0.224872632,0.299850267,0.352253053,0.431829716,0.546187847,0.603438975,0.584666301,0.538910149,0.194254551,0.198657054,0.241136722,0.340922396,0.490220961,0.502806033,0.544136096,0.201420202,0.234700818,0.310023939
0.400469543,0.445760089,0.499178718,0.510260253,0.493300342,0.384032533,0.411946761,0.749193673,0.760991775,0.67725627,1,0.347844159,0.297128031,0.311227413,0.213907392,0.505275225,0.752323003,0.700054437,0.702441366,0.913125327,0.901075195,0.757688479,0.184843032,0.283382214,0.304276747,0.45367327,0.460631315,0.448421597,0.738999889,0.73589901,0.521452555,0.266910859,0.213015239,0.211400989,0.261306418,0.293372428,0.322662063,0.534107334,0.578210232,0.452188689,0.390434498,0.28444756,0.272354245,0.235453132,0.241963901,0.250608284,0.317506843,0.408348922,0.433932899,0.430514143,0.323731176,0.335806399,0.292413484,0.261851016,0.289648166,0.334526022,0.451193261,0.302345126,0.222956396,0.225740299
0.430923894,0.454358579,0.351826719,0.30597232,0.402856701,0.418032199,0.405829428,0.360635648,0.391737915,0.593248746,0.347844159,1,0.818694884,0.318192852,0.27372694,0.30321656,0.327201538,0.387195573,0.478868513,0.376386455,0.301005952,0.246580266,0.225644157,0.186057289,0.347272875,0.315444627,0.372944549,0.417786661,0.382956496,0.351115633,0.317956888,0.178891624,0.163262644,0.263912404,0.295927671,0.340502962,0.360453513,0.420540249,0.412250487,0.396737034,0.359310715,0.216740719,0.232647087,0.27214403,0.3134245,0.369249015,0.438676908,0.464381517,0.401669866,0.329524138,0.188248492,0.202698853,0.243146633,0.351229716,0.348431391,0.288393151,0.276108654,0.188760356,0.195657198,0.176220088
0.493157216,0.527418853,0.469380465,0.367454592,0.491056876,0.460226288,0.429090938,0.279126373,0.306574785,0.342103581,0.297128031,0.818694884,1,0.434975597,0.237868512,0.226708861,0.243787516,0.243114413,0.271097424,0.26450296,0.251556959,0.258706549,0.210243876,0.147230415,0.200392735,0.163937356,0.193341533,0.230448497,0.243838191,0.248189879,0.252224538,0.150040438,0.130041423,0.183774014,0.166433578,0.189424833,0.203814423,0.250049579,0.267794514,0.256431836,0.23239358,0.24684662,0.225902011,0.210269165,0.231193396,0.251822585,0.286319823,0.303384399,0.254611411,0.212112403,0.231082732,0.242392102,0.244357698,0.301089772,0.230134107,0.18687598,0.203438983,0.21973699,0.172363648,0.128977686
0.455026701,0.470517866,0.502406468,0.496249861,0.570377713,0.49545209,0.553394792,0.275157035,0.219837159,0.146591394,0.311227413,0.318192852,0.434975597,1,0.194960101,0.168181428,0.184705733,0.132460259,0.130129736,0.242509071,0.310084212,0.346754713,0.166018993,0.086244844,0.160410774,0.098614689,0.102543178,0.120753282,0.175283989,0.260330852,0.319558265,0.25905478,0.250374892,0.298431886,0.192637229,0.173063324,0.14334482,0.130030323,0.206215002,0.197012112,0.205859724,0.409250605,0.445934682,0.368143332,0.336405273,0.262035945,0.172819962,0.148629495,0.15634,0.13885457,0.480284111,0.504498542,0.475775362,0.379403162,0.174592957,0.126587407,0.1164269,0.467511979,0.311749433,0.131715141
0.229880274,0.1948769,0.176185117,0.231446591,0.19628752,0.268185026,0.406992464,0.258259339,0.276120749,0.247391335,0.213907392,0.27372694,0.237868512,0.194960101,1,0.292585765,0.296757748,0.30687524,0.280134063,0.254088556,0.233528036,0.239012379,0.147419543,0.440343918,0.315532124,0.323113495,0.321366331,0.317415669,0.28951182,0.278496296,0.260349144,0.205978696,0.486519139,0.389325968,0.368657119,0.338695564,0.302770426,0.293172692,0.318636308,0.334385976,0.259350817,0.299964714,0.364344371,0.365722746,0.348742254,0.306251204,0.288998384,0.311063091,0.300904513,0.258849766,0.316098561,0.327354545,0.345004658,0.294774326,0.292170928,0.270204768,0.250855969,0.323251957,0.326401457,0.290076963
0.381913943,0.329178823,0.326359536,0.257179327,0.311480547,0.30700019,0.368842438,0.471016438,0.706149761,0.491924825,0.505275225,0.30321656,0.226708861,0.168181428,0.292585765,1,0.776708342,0.668463068,0.517839444,0.529822671,0.490762827,0.441147597,0.273807875,0.397777372,0.581514755,0.655416249,0.552504465,0.482357275,0.583663524,0.514864307,0.37690268,0.248500944,0.267235788,0.360882382,0.458659703,0.448639662,0.4566887,0.541213118,0.492090307,0.404521071,0.268163824,0.247515913,0.271277073,0.342784794,0.358129555,0.384678028,0.456162328,0.496288063,0.464199677,0.383046788,0.209781593,0.22448237,0.268927721,0.321565253,0.435849156,0.454898922,0.464362722,0.202707945,0.25264975,0.361159461
0.389829359,0.397724758,0.407923336,0.334466254,0.370226339,0.366986071,0.383120221,0.702939353,0.864587907,0.71918531,0.752323003,0.327201538,0.243787516,0.184705733,0.296757748,0.776708342,1,0.928353585,0.768283442,0.792783948,0.729200271,0.651800038,0.177312305,0.389253815,0.591900948,0.783310297,0.73703335,0.632802077,0.806903675,0.72686264,0.496922416,0.240337201,0.28542278,0.373467311,0.510233125,0.531432559,0.535274554,0.693390891,0.645502072,0.505966141,0.359997517,0.300884129,0.298439942,0.349460217,0.371335901,0.408932995,0.493032839,0.557520353,0.538839714,0.476827844,0.277938842,0.285738785,0.298324063,0.325386949,0.444335025,0.477199104,0.554571321,0.261936664,0.256868937,0.346636421
0.312881935,0.322453073,0.312388739,0.28505387,0.278783535,0.317265983,0.317494562,0.665887157,0.853961699,0.833481319,0.700054437,0.387195573,0.243114413,0.132460259,0.30687524,0.668463068,0.928353585,1,0.905930495,0.806355593,0.684276642,0.604500047,0.198692002,0.372457267,0.616322282,0.815473484,0.845267452,0.772553763,0.856459126,0.719567266,0.464741432,0.233273489,0.290937008,0.409837171,0.577869588,0.629656901,0.648465882,0.764738888,0.668696469,0.532142282,0.424995095,0.269525283,0.292540847,0.385989006,0.430763425,0.495214558,0.588581434,0.632351086,0.591729315,0.524665383,0.249540938,0.25621512,0.297041896,0.366848312,0.51529517,0.526769726,0.592281576,0.246840485,0.275481846,0.375575174
0.239576608,0.254311723,0.243059542,0.280334507,0.227194196,0.279660656,0.278100919,0.643598665,0.731716378,0.891169786,0.702441366,0.478868513,0.271097424,0.130129736,0.280134063,0.517839444,0.768283442,0.905930495,1,0.866333415,0.714139864,0.605441669,0.231611336,0.359963268,0.561459716,0.719438611,0.812252339,0.840139181,0.884563099,0.748328466,0.489472398,0.217666993,0.289065626,0.40260569,0.540914059,0.619881753,0.669058169,0.791632049,0.708446429,0.592164983,0.537868396,0.268908864,0.296910843,0.378515365,0.427365506,0.504503559,0.618519784,0.682568735,0.659393856,0.618200032,0.248430799,0.256736585,0.300966026,0.379480318,0.532510859,0.538665695,0.59339486,0.251429775,0.283736898,0.362241392
0.324005428,0.352231101,0.392645691,0.420672539,0.388209406,0.330334171,0.359296649,0.724249907,0.75524775,0.759835432,0.913125327,0.376386455,0.26450296,0.242509071,0.254088556,0.529822671,0.792783948,0.806355593,0.866333415,1,0.946917538,0.81175332,0.209452373,0.330862429,0.407374171,0.584921817,0.625313725,0.641531633,0.901555679,0.869936685,0.616555766,0.263708311,0.261511391,0.294300175,0.381443613,0.437823125,0.487897678,0.712750892,0.735574638,0.604033386,0.50505635,0.290394575,0.297321483,0.30281711,0.324645318,0.360240461,0.464462036,0.578944515,0.597542023,0.583080796,0.310766071,0.324411414,0.312990874,0.311060006,0.410240839,0.453824982,0.557352103,0.298475782,0.261892456,0.309607926
0.35142999,0.388194574,0.455291243,0.450564506,0.464407081,0.342166485,0.387570376,0.677311745,0.684875715,0.61423064,0.901075195,0.301005952,0.251556959,0.310084212,0.233528036,0.490762827,0.729200271,0.684276642,0.714139864,0.946917538,1,0.909250373,0.186223377,0.296986103,0.324926949,0.488070715,0.507280111,0.512887877,0.824929471,0.866219131,0.6612942,0.280645699,0.249748552,0.265165743,0.315668602,0.356126958,0.39493925,0.622993847,0.689243155,0.567267446,0.440110014,0.310308566,0.309954561,0.285593901,0.292765322,0.306741899,0.383611116,0.497202436,0.525125439,0.524504869,0.3322299,0.351553051,0.323711585,0.291464353,0.349812884,0.396803649,0.502426776,0.312946651,0.252647943,0.286434026
0.368250145,0.396644793,0.458770086,0.403299198,0.476525964,0.344764114,0.383799293,0.573241287,0.608278433,0.472062331,0.757688479,0.246580266,0.258706549,0.346754713,0.239012379,0.441147597,0.651800038,0.604500047,0.605441669,0.81175332,0.909250373,1,0.156344901,0.263868931,0.267251726,0.425304964,0.449596686,0.451871032,0.742787207,0.822279113,0.693737836,0.282859969,0.259476916,0.275984568,0.296476963,0.325970713,0.352256121,0.557286319,0.642116482,0.533288561,0.371949827,0.333415156,0.322839008,0.286818368,0.281876783,0.286491016,0.346070408,0.451810328,0.467023582,0.461577633,0.333272199,0.354061529,0.32137928,0.279063392,0.321918457,0.349263824,0.453453939,0.310039595,0.24871665,0.280300071
0.11564997,0.124236522,0.116379217,0.144877553,0.140214983,0.160820888,0.102668948,0.159996252,0.236265485,0.192899523,0.184843032,0.225644157,0.210243876,0.166018993,0.147419543,0.273807875,0.177312305,0.198692002,0.231611336,0.209452373,0.186223377,0.156344901,1,0.176279376,0.212828094,0.198978235,0.201489192,0.240349654,0.231212382,0.20120554,0.196562474,0.36978438,0.130571362,0.154021672,0.179695815,0.19841348,0.243083361,0.236982127,0.217767419,0.219057963,0.208574707,0.13676453,0.14053411,0.169508918,0.184650524,0.206996844,0.23536004,0.244169287,0.223015789,0.19064951,0.122342811,0.126461836,0.143257746,0.168259963,0.172853067,0.154546751,0.132413189,0.116404577,0.120617725,0.109882357
0.132684627,0.12616524,0.117303306,0.122537726,0.197524,0.145430705,0.174160102,0.395579748,0.324166106,0.312796848,0.283382214,0.186057289,0.147230415,0.086244844,0.440343918,0.397777372,0.389253815,0.372457267,0.359963268,0.330862429,0.296986103,0.263868931,0.176279376,1,0.454532103,0.437687349,0.392138166,0.410612623,0.354105768,0.294035049,0.267293613,0.185191502,0.391996406,0.385423994,0.422402237,0.39701913,0.374874228,0.334621602,0.287744494,0.274905407,0.249025215,0.267048647,0.299172955,0.34867404,0.338946701,0.328407942,0.327024302,0.314868913,0.354199895,0.327647389,0.229231427,0.230411113,0.275695109,0.278597738,0.382543742,0.419201308,0.329430355,0.232179997,0.306686533,0.371381124
0.146625639,0.145026679,0.107985635,0.146705618,0.107571585,0.23239436,0.242575084,0.368568375,0.429843232,0.543651275,0.304276747,0.347272875,0.200392735,0.160410774,0.315532124,0.581514755,0.591900948,0.616322282,0.561459716,0.407374171,0.324926949,0.267251726,0.212828094,0.454532103,1,0.882778279,0.80364147,0.709392377,0.538035299,0.416274388,0.320802624,0.255357066,0.409977395,0.776044764,0.865659843,0.826198962,0.770959532,0.638138447,0.466498722,0.411623182,0.270216695,0.382752766,0.514901772,0.671526765,0.683592346,0.708752995,0.679980321,0.597575183,0.508642058,0.400304043,0.328113102,0.361441318,0.470257647,0.536914568,0.620494664,0.55425469,0.41761032,0.331996584,0.418022001,0.453270821
0.186096034,0.19188417,0.176088173,0.161424446,0.153164867,0.237973773,0.227770394,0.47634502,0.590688543,0.635429751,0.45367327,0.315444627,0.163937356,0.098614689,0.323113495,0.655416249,0.783310297,0.815473484,0.719438611,0.584921817,0.488070715,0.425304964,0.198978235,0.437687349,0.882778279,1,0.952014502,0.828711563,0.733653891,0.592117528,0.419147275,0.244506289,0.396795741,0.685533015,0.868273278,0.872000211,0.833883911,0.790002736,0.613488798,0.502910232,0.302391477,0.334106271,0.437182131,0.617116631,0.655656378,0.707359035,0.727576141,0.682653982,0.584141577,0.465473618,0.281414003,0.30511526,0.411681742,0.497374762,0.63029929,0.58374059,0.519107539,0.285942635,0.380874963,0.474525429
0.175652188,0.187232699,0.163188077,0.167771838,0.14291123,0.243165387,0.227357931,0.480459467,0.585585492,0.695804509,0.460631315,0.372944549,0.193341533,0.102543178,0.321366331,0.552504465,0.73703335,0.845267452,0.812252339,0.625313725,0.507280111,0.449596686,0.201489192,0.392138166,0.80364147,0.952014502,1,0.933619109,0.790056836,0.629381378,0.444581017,0.233759723,0.395416921,0.672732507,0.860490575,0.913963334,0.9031485,0.846611425,0.656752107,0.543050858,0.3563179,0.337837235,0.439334449,0.627447173,0.689154734,0.763035256,0.787154341,0.732668305,0.625507267,0.510173767,0.282423045,0.305315827,0.422371504,0.537647748,0.660465637,0.599660972,0.541297607,0.292738636,0.390666766,0.474160397
0.171042162,0.182082384,0.151560606,0.165925748,0.142393079,0.251193049,0.232491763,0.462386967,0.538087334,0.675675438,0.448421597,0.417786661,0.230448497,0.120753282,0.317415669,0.482357275,0.632802077,0.772553763,0.840139181,0.641531633,0.512887877,0.451871032,0.240349654,0.410612623,0.709392377,0.828711563,0.933619109,1,0.819330512,0.651318437,0.483136934,0.22445627,0.417369035,0.640680112,0.789960867,0.881897373,0.932847665,0.872652582,0.692496485,0.594541749,0.441294233,0.37729294,0.45483982,0.620770523,0.694701311,0.783864919,0.830012607,0.784438498,0.695560016,0.582722581,0.308003208,0.325937034,0.446760312,0.577755803,0.696726376,0.636363917,0.545804151,0.321287769,0.424844179,0.487763193
0.292608304,0.309338335,0.318093578,0.314300783,0.293178695,0.320764576,0.321735879,0.639179701,0.731132099,0.743573326,0.738999889,0.382956496,0.243838191,0.175283989,0.28951182,0.583663524,0.806903675,0.856459126,0.884563099,0.901555679,0.824929471,0.742787207,0.231212382,0.354105768,0.538035299,0.733653891,0.790056836,0.819330512,1,0.932992059,0.697199838,0.270615772,0.304536218,0.403899683,0.539797011,0.623924583,0.706048493,0.91429089,0.88183545,0.741294,0.532814723,0.318922805,0.339303278,0.405421647,0.457033844,0.53589208,0.670464962,0.772653469,0.740152751,0.649077823,0.307885096,0.320306354,0.351287631,0.406452127,0.56165298,0.574238422,0.606594402,0.301841557,0.318842366,0.398672777
0.318468718,0.337373816,0.360872429,0.356176005,0.325686131,0.363220025,0.382637102,0.622054902,0.639328851,0.635402313,0.73589901,0.351115633,0.248189879,0.260330852,0.278496296,0.514864307,0.72686264,0.719567266,0.748328466,0.869936685,0.866219131,0.822279113,0.20120554,0.294035049,0.416274388,0.592117528,0.629381378,0.651318437,0.932992059,1,0.851036916,0.304269238,0.30452897,0.349804992,0.426769915,0.490968098,0.563989419,0.842320009,0.931820433,0.823791671,0.557513731,0.352901828,0.358469153,0.36715049,0.392180608,0.444125678,0.577470687,0.728991042,0.725587929,0.642861532,0.353504539,0.369926943,0.367981243,0.36574984,0.480005073,0.497896792,0.559626698,0.337241886,0.299878062,0.341428305
0.284007727,0.303560042,0.294035237,0.281348048,0.27330394,0.395631963,0.379055955,0.497476536,0.41666958,0.423219647,0.521452555,0.317956888,0.252224538,0.319558265,0.260349144,0.37690268,0.496922416,0.464741432,0.489472398,0.616555766,0.6612942,0.693737836,0.196562474,0.267293613,0.320802624,0.419147275,0.444581017,0.483136934,0.697199838,0.851036916,1,0.307240246,0.285608556,0.325857553,0.349386882,0.39012018,0.443214831,0.677837752,0.834858864,0.823106405,0.496772206,0.339949437,0.352509656,0.355050233,0.366234937,0.397513775,0.500921097,0.633812401,0.641779909,0.526959459,0.333546619,0.351133415,0.362941362,0.355524423,0.419397323,0.41087139,0.408800397,0.320697498,0.295559951,0.296354116
0.150742672,0.155082589,0.140061055,0.188845266,0.187954325,0.139986702,0.206888038,0.29226719,0.256594055,0.211093011,0.266910859,0.178891624,0.150040438,0.25905478,0.205978696,0.248500944,0.240337201,0.233273489,0.217666993,0.263708311,0.280645699,0.282859969,0.36978438,0.185191502,0.255357066,0.244506289,0.233759723,0.22445627,0.270615772,0.304269238,0.307240246,1,0.29419702,0.342746318,0.319998233,0.290604334,0.259863767,0.246947087,0.275959775,0.270138614,0.265486145,0.249501047,0.323299832,0.360583455,0.348667682,0.305994063,0.244466023,0.230636261,0.227836659,0.199985069,0.273934028,0.291127136,0.324353948,0.283575669,0.204229359,0.169614126,0.144804352,0.281195578,0.25870021,0.151206928
0.11264733,0.124489285,0.130802564,0.194096001,0.143024384,0.220868773,0.306751539,0.242961556,0.204752478,0.216106898,0.213015239,0.163262644,0.130041423,0.250374892,0.486519139,0.267235788,0.28542278,0.290937008,0.289065626,0.261511391,0.249748552,0.259476916,0.130571362,0.391996406,0.409977395,0.396795741,0.395416921,0.417369035,0.304536218,0.30452897,0.285608556,0.29419702,1,0.728561763,0.571168933,0.514370167,0.450590066,0.322006912,0.318044223,0.310780728,0.201647662,0.748622919,0.779609691,0.716952315,0.632310511,0.512624274,0.370508238,0.312319465,0.283521471,0.246155621,0.668910513,0.671754108,0.705116991,0.519853015,0.375486734,0.301456539,0.205393289,0.652833652,0.583375587,0.374633466
0.123000874,0.138030986,0.127828622,0.209207812,0.142794504,0.231964837,0.295645113,0.26207309,0.25061492,0.321727966,0.211400989,0.263912404,0.183774014,0.298431886,0.389325968,0.360882382,0.373467311,0.409837171,0.40260569,0.294300175,0.265165743,0.275984568,0.154021672,0.385423994,0.776044764,0.685533015,0.672732507,0.640680112,0.403899683,0.349804992,0.325857553,0.342746318,0.728561763,1,0.91679545,0.849447821,0.741558417,0.50577878,0.386635065,0.35474076,0.208890335,0.713126704,0.866386694,0.939478805,0.893737143,0.824886166,0.664571281,0.513891852,0.420493501,0.326253203,0.638012653,0.684633751,0.789219225,0.742487984,0.638355773,0.499234443,0.316852359,0.632395271,0.658830001,0.521781381
0.121299686,0.127873943,0.102341365,0.152338124,0.110064567,0.209300034,0.240333611,0.320725531,0.360403461,0.453908502,0.261306418,0.295927671,0.166433578,0.192637229,0.368657119,0.458659703,0.510233125,0.577869588,0.540914059,0.381443613,0.315668602,0.296476963,0.179695815,0.422402237,0.865659843,0.868273278,0.860490575,0.789960867,0.539797011,0.426769915,0.349386882,0.319998233,0.571168933,0.91679545,1,0.971756934,0.883607604,0.662979245,0.476986275,0.410479995,0.246047075,0.511703144,0.688256517,0.877980113,0.893285585,0.886746794,0.778109934,0.625815166,0.509033951,0.391601668,0.45168355,0.495612579,0.647020473,0.706560113,0.702878864,0.584122497,0.426760604,0.464269275,0.562797733,0.546154443
0.136609756,0.14563248,0.115440283,0.149833247,0.113213094,0.225831235,0.235676403,0.342697782,0.394495093,0.516653858,0.293372428,0.340502962,0.189424833,0.173063324,0.338695564,0.448639662,0.531432559,0.629656901,0.619881753,0.437823125,0.356126958,0.325970713,0.19841348,0.39701913,0.826198962,0.872000211,0.913963334,0.881897373,0.623924583,0.490968098,0.39012018,0.290604334,0.514370167,0.849447821,0.971756934,1,0.958498054,0.758894256,0.552666519,0.471661382,0.290353985,0.473108564,0.629273179,0.83552012,0.888086987,0.924186537,0.851638544,0.707847771,0.58061225,0.451720364,0.408823535,0.447844016,0.607723616,0.714875138,0.741992913,0.62736119,0.472489015,0.426059141,0.537729645,0.550049097
0.149448775,0.157824874,0.124192372,0.142273947,0.109694131,0.238880827,0.221793288,0.355737543,0.425395057,0.54479395,0.322662063,0.360453513,0.203814423,0.14334482,0.302770426,0.4566887,0.535274554,0.648465882,0.669058169,0.487897678,0.39493925,0.352256121,0.243083361,0.374874228,0.770959532,0.833883911,0.9031485,0.932847665,0.706048493,0.563989419,0.443214831,0.259863767,0.450590066,0.741558417,0.883607604,0.958498054,1,0.852967858,0.647548802,0.563943862,0.363099013,0.427793314,0.546229794,0.745941526,0.826713872,0.909962171,0.90516087,0.800502656,0.673477729,0.531226664,0.361962108,0.391660136,0.543324512,0.681554297,0.759601714,0.664971823,0.513860244,0.379895977,0.496312986,0.540934613
0.238179585,0.245905304,0.223715844,0.218385535,0.180566248,0.306722465,0.276218964,0.510073367,0.586471222,0.686942116,0.534107334,0.420540249,0.250049579,0.130030323,0.293172692,0.541213118,0.693390891,0.764738888,0.791632049,0.712750892,0.622993847,0.557286319,0.236982127,0.334621602,0.638138447,0.790002736,0.846611425,0.872652582,0.91429089,0.842320009,0.677837752,0.246947087,0.322006912,0.50577878,0.662979245,0.758894256,0.852967858,1,0.917825582,0.810197734,0.528683166,0.337677342,0.385138542,0.510193311,0.591382358,0.709853212,0.857711059,0.92077762,0.836580017,0.683242986,0.304981979,0.320699574,0.40226699,0.524380258,0.69986822,0.667806162,0.623315944,0.310199776,0.381974657,0.474141459
0.272171376,0.275607887,0.270339266,0.273171105,0.222247193,0.346421045,0.350181695,0.526723621,0.54969035,0.616636563,0.578210232,0.412250487,0.267794514,0.206215002,0.318636308,0.492090307,0.645502072,0.668696469,0.708446429,0.735574638,0.689243155,0.642116482,0.217767419,0.287744494,0.466498722,0.613488798,0.656752107,0.692496485,0.88183545,0.931820433,0.834858864,0.275959775,0.318044223,0.386635065,0.476986275,0.552666519,0.647548802,0.917825582,1,0.938397231,0.622000272,0.347704931,0.3639846,0.404677244,0.449052874,0.534066302,0.710390245,0.87251212,0.846070876,0.709693043,0.337171509,0.351674822,0.378388001,0.420832479,0.572408417,0.566652806,0.586216404,0.329390153,0.327215143,0.380636787
0.214270577,0.215045044,0.199323753,0.213115565,0.177959465,0.300679108,0.30181038,0.429291958,0.421060665,0.518503972,0.452188689,0.396737034,0.256431836,0.197012112,0.334385976,0.404521071,0.505966141,0.532142282,0.592164983,0.604033386,0.567267446,0.533288561,0.219057963,0.274905407,0.411623182,0.502910232,0.543050858,0.594541749,0.741294,0.823791671,0.823106405,0.270138614,0.310780728,0.35474076,0.410479995,0.471661382,0.563943862,0.810197734,0.938397231,1,0.71873533,0.319401042,0.331544583,0.358434966,0.390053745,0.46757428,0.6511359,0.837014235,0.858637104,0.736327237,0.299381918,0.313473725,0.339765619,0.373626001,0.533132349,0.536811976,0.547902728,0.293829747,0.300534176,0.357474137
0.17835374,0.183453073,0.161480777,0.192440241,0.158333743,0.20670387,0.212238647,0.389010666,0.341797778,0.494070461,0.390434498,0.359310715,0.23239358,0.205859724,0.259350817,0.268163824,0.359997517,0.424995095,0.537868396,0.50505635,0.440110014,0.371949827,0.208574707,0.249025215,0.270216695,0.302391477,0.3563179,0.441294233,0.532814723,0.557513731,0.496772206,0.265486145,0.201647662,0.208890335,0.246047075,0.290353985,0.363099013,0.528683166,0.622000272,0.71873533,1,0.197492868,0.197376282,0.207461455,0.230804616,0.288917496,0.449270725,0.603733661,0.752886054,0.814048494,0.199442843,0.20520511,0.213634374,0.255687152,0.436612407,0.515068006,0.605585423,0.201830062,0.214903967,0.319801745
0.276814914,0.323850521,0.344381471,0.337986142,0.292653813,0.399048896,0.425987596,0.260482843,0.239588293,0.198602884,0.28444756,0.216740719,0.24684662,0.409250605,0.299964714,0.247515913,0.300884129,0.269525283,0.268908864,0.290394575,0.310308566,0.333415156,0.13676453,0.267048647,0.382752766,0.334106271,0.337837235,0.37729294,0.318922805,0.352901828,0.339949437,0.249501047,0.748622919,0.713126704,0.511703144,0.473108564,0.427793314,0.337677342,0.347704931,0.319401042,0.197492868,1,0.924701458,0.750294696,0.658472137,0.551618944,0.432331254,0.368348185,0.33730968,0.299743375,0.902749455,0.909610978,0.862862481,0.666379619,0.464984756,0.367935609,0.239653421,0.845840993,0.678063843,0.411075526
0.224226345,0.261878201,0.277592905,0.366198858,0.27102185,0.36026921,0.42955853,0.282654089,0.231713913,0.224872632,0.272354245,0.232647087,0.225902011,0.445934682,0.364344371,0.271277073,0.298439942,0.292540847,0.296910843,0.297321483,0.309954561,0.322839008,0.14053411,0.299172955,0.514901772,0.437182131,0.439334449,0.45483982,0.339303278,0.358469153,0.352509656,0.323299832,0.779609691,0.866386694,0.688256517,0.629273179,0.546229794,0.385138542,0.3639846,0.331544583,0.197376282,0.924701458,1,0.917600982,0.835033912,0.709544787,0.531898848,0.413766067,0.351253979,0.286088034,0.895560993,0.933485321,0.959178251,0.790479565,0.55484792,0.419213267,0.252114461,0.870486314,0.760310602,0.485128741
0.169448428,0.193206949,0.180269566,0.276663646,0.197354679,0.300830411,0.358165049,0.288162743,0.260080256,0.299850267,0.235453132,0.27214403,0.210269165,0.368143332,0.365722746,0.342784794,0.349460217,0.385989006,0.378515365,0.30281711,0.285593901,0.286818368,0.169508918,0.34867404,0.671526765,0.617116631,0.627447173,0.620770523,0.405421647,0.36715049,0.355050233,0.360583455,0.716952315,0.939478805,0.877980113,0.83552012,0.745941526,0.510193311,0.404677244,0.358434966,0.207461455,0.750294696,0.917600982,1,0.973893946,0.890257238,0.705169042,0.529791056,0.42307592,0.320844876,0.719144562,0.769869213,0.902544695,0.862247589,0.674546327,0.518274286,0.326871444,0.727521333,0.736409758,0.551447588
0.181956711,0.204753268,0.178122141,0.264169596,0.187071219,0.309654503,0.336858979,0.299081608,0.292936548,0.352253053,0.241963901,0.3134245,0.231193396,0.336405273,0.348742254,0.358129555,0.371335901,0.430763425,0.427365506,0.324645318,0.292765322,0.281876783,0.184650524,0.338946701,0.683592346,0.655656378,0.689154734,0.694701311,0.457033844,0.392180608,0.366234937,0.348667682,0.632310511,0.893737143,0.893285585,0.888086987,0.826713872,0.591382358,0.449052874,0.390053745,0.230804616,0.658472137,0.835033912,0.973893946,1,0.962126482,0.802468849,0.611264941,0.484320984,0.362444074,0.63689174,0.684449919,0.854224489,0.904221327,0.747347337,0.586509934,0.38538676,0.663732681,0.72865818,0.590740233
0.18407807,0.205731839,0.166431384,0.220376798,0.160747485,0.301301632,0.28514879,0.305659224,0.327640327,0.431829716,0.250608284,0.369249015,0.251822585,0.262035945,0.306251204,0.384678028,0.408932995,0.495214558,0.504503559,0.360240461,0.306741899,0.286491016,0.206996844,0.328407942,0.708752995,0.707359035,0.763035256,0.783864919,0.53589208,0.444125678,0.397513775,0.305994063,0.512624274,0.824886166,0.886746794,0.924186537,0.909962171,0.709853212,0.534066302,0.46757428,0.288917496,0.551618944,0.709544787,0.890257238,0.962126482,1,0.917261819,0.741760294,0.601626802,0.45473949,0.510451391,0.553355084,0.737418575,0.886168904,0.829939621,0.67826453,0.476518239,0.542300435,0.666700326,0.62130013
0.206947382,0.22263554,0.174427824,0.178162263,0.146744785,0.307284733,0.246430929,0.343143589,0.405286641,0.546187847,0.317506843,0.438676908,0.286319823,0.172819962,0.288998384,0.456162328,0.493032839,0.588581434,0.618519784,0.464462036,0.383611116,0.346070408,0.23536004,0.327024302,0.679980321,0.727576141,0.787154341,0.830012607,0.670464962,0.577470687,0.500921097,0.244466023,0.370508238,0.664571281,0.778109934,0.851638544,0.90516087,0.857711059,0.710390245,0.6511359,0.449270725,0.432331254,0.531898848,0.705169042,0.802468849,0.917261819,1,0.928012998,0.815237911,0.647205593,0.378879583,0.407835388,0.567929137,0.784970362,0.897679094,0.796442857,0.640568636,0.407174399,0.574912757,0.654328666
0.226099917,0.227308973,0.193834423,0.172059623,0.159102771,0.294569219,0.266158801,0.3900693,0.462952238,0.603438975,0.408348922,0.464381517,0.303384399,0.148629495,0.311063091,0.496288063,0.557520353,0.632351086,0.682568735,0.578944515,0.497202436,0.451810328,0.244169287,0.314868913,0.597575183,0.682653982,0.732668305,0.784438498,0.772653469,0.728991042,0.633812401,0.230636261,0.312319465,0.513891852,0.625815166,0.707847771,0.800502656,0.92077762,0.87251212,0.837014235,0.603733661,0.368348185,0.413766067,0.529791056,0.611264941,0.741760294,0.928012998,1,0.942376688,0.783960743,0.317973295,0.338723448,0.439776413,0.611203857,0.822672475,0.782186093,0.703945432,0.330511604,0.452909923,0.580686887
0.223513322,0.220017179,0.195957352,0.163156845,0.171594877,0.268640824,0.257271103,0.400208639,0.437189668,0.584666301,0.433932899,0.401669866,0.254611411,0.15634,0.300904513,0.464199677,0.538839714,0.591729315,0.659393856,0.597542023,0.525125439,0.467023582,0.223015789,0.354199895,0.508642058,0.584141577,0.625507267,0.695560016,0.740152751,0.725587929,0.641779909,0.227836659,0.283521471,0.420493501,0.509033951,0.58061225,0.673477729,0.836580017,0.846070876,0.858637104,0.752886054,0.33730968,0.351253979,0.42307592,0.484320984,0.601626802,0.815237911,0.942376688,1,0.917062597,0.290155992,0.304325783,0.371388043,0.511391267,0.785291282,0.823207102,0.791671916,0.296713593,0.409210489,0.592679999
0.206106999,0.199221406,0.188001124,0.160971957,0.164466215,0.226777902,0.223049437,0.364224241,0.387893677,0.538910149,0.430514143,0.329524138,0.212112403,0.13885457,0.258849766,0.383046788,0.476827844,0.524665383,0.618200032,0.583080796,0.524504869,0.461577633,0.19064951,0.327647389,0.400304043,0.465473618,0.510173767,0.582722581,0.649077823,0.642861532,0.526959459,0.199985069,0.246155621,0.326253203,0.391601668,0.451720364,0.531226664,0.683242986,0.709693043,0.736327237,0.814048494,0.299743375,0.286088034,0.320844876,0.362444074,0.45473949,0.647205593,0.783960743,0.917062597,1,0.256373887,0.263118409,0.299602621,0.405911254,0.683345693,0.793046784,0.855272949,0.260872547,0.353683234,0.579496535
0.272353201,0.322313106,0.3601962,0.435563108,0.322239338,0.411687357,0.44861271,0.300215407,0.248132267,0.194254551,0.323731176,0.188248492,0.231082732,0.480284111,0.316098561,0.209781593,0.277938842,0.249540938,0.248430799,0.310766071,0.3322299,0.333272199,0.122342811,0.229231427,0.328113102,0.281414003,0.282423045,0.308003208,0.307885096,0.353504539,0.333546619,0.273934028,0.668910513,0.638012653,0.45168355,0.408823535,0.361962108,0.304981979,0.337171509,0.299381918,0.199442843,0.902749455,0.895560993,0.719144562,0.63689174,0.510451391,0.378879583,0.317973295,0.290155992,0.256373887,1,0.98229176,0.913668935,0.684552798,0.433525057,0.337791363,0.219713638,0.981620086,0.780173504,0.4344974
0.284559805,0.32981266,0.371138197,0.461815444,0.347279344,0.408705899,0.472585895,0.315044792,0.252791722,0.198657054,0.335806399,0.202698853,0.242392102,0.504498542,0.327354545,0.22448237,0.285738785,0.25621512,0.256736585,0.324411414,0.351553051,0.354061529,0.126461836,0.230411113,0.361441318,0.30511526,0.305315827,0.325937034,0.320306354,0.369926943,0.351133415,0.291127136,0.671754108,0.684633751,0.495612579,0.447844016,0.391660136,0.320699574,0.351674822,0.313473725,0.20520511,0.909610978,0.933485321,0.769869213,0.684449919,0.553355084,0.407835388,0.338723448,0.304325783,0.263118409,0.98229176,1,0.942116235,0.711366206,0.451457787,0.344541605,0.22221173,0.954324691,0.753629411,0.422945732
0.24451032,0.291520571,0.30186544,0.411428527,0.29935552,0.402487764,0.441393643,0.316109353,0.252709442,0.241136722,0.292413484,0.243146633,0.244357698,0.475775362,0.345004658,0.268927721,0.298324063,0.297041896,0.300966026,0.312990874,0.323711585,0.32137928,0.143257746,0.275695109,0.470257647,0.411681742,0.422371504,0.446760312,0.351287631,0.367981243,0.362941362,0.324353948,0.705116991,0.789219225,0.647020473,0.607723616,0.543324512,0.40226699,0.378388001,0.339765619,0.213634374,0.862862481,0.959178251,0.902544695,0.854224489,0.737418575,0.567929137,0.439776413,0.371388043,0.299602621,0.913668935,0.942116235,1,0.871874248,0.601624375,0.461694042,0.286725086,0.924630265,0.840853715,0.542909644
0.262104998,0.317764996,0.28464073,0.370666114,0.265702402,0.427898218,0.367205474,0.306779965,0.296932595,0.340922396,0.261851016,0.351229716,0.301089772,0.379403162,0.294774326,0.321565253,0.325386949,0.366848312,0.379480318,0.311060006,0.291464353,0.279063392,0.168259963,0.278597738,0.536914568,0.497374762,0.537647748,0.577755803,0.406452127,0.36574984,0.355524423,0.283575669,0.519853015,0.742487984,0.706560113,0.714875138,0.681554297,0.524380258,0.420832479,0.373626001,0.255687152,0.666379619,0.790479565,0.862247589,0.904221327,0.886168904,0.784970362,0.611203857,0.511391267,0.405911254,0.684552798,0.711366206,0.871874248,1,0.826003711,0.672975972,0.457082878,0.736494381,0.854717012,0.710373961
0.202786578,0.231230987,0.190045164,0.201123798,0.162528742,0.307834549,0.230860946,0.305707936,0.365242096,0.490220961,0.289648166,0.348431391,0.230134107,0.174592957,0.292170928,0.435849156,0.444335025,0.51529517,0.532510859,0.410240839,0.349812884,0.321918457,0.172853067,0.382543742,0.620494664,0.63029929,0.660465637,0.696726376,0.56165298,0.480005073,0.419397323,0.204229359,0.375486734,0.638355773,0.702878864,0.741992913,0.759601714,0.69986822,0.572408417,0.533132349,0.436612407,0.464984756,0.55484792,0.674546327,0.747347337,0.829939621,0.897679094,0.822672475,0.785291282,0.683345693,0.433525057,0.451457787,0.601624375,0.826003711,1,0.947171062,0.745336584,0.479251988,0.723486226,0.86719087
0.209299604,0.22410707,0.191217551,0.162552897,0.164160075,0.271789602,0.202904394,0.311926309,0.3894665,0.502806033,0.334526022,0.288393151,0.18687598,0.126587407,0.270204768,0.454898922,0.477199104,0.526769726,0.538665695,0.453824982,0.396803649,0.349263824,0.154546751,0.419201308,0.55425469,0.58374059,0.599660972,0.636363917,0.574238422,0.497896792,0.41087139,0.169614126,0.301456539,0.499234443,0.584122497,0.62736119,0.664971823,0.667806162,0.566652806,0.536811976,0.515068006,0.367935609,0.419213267,0.518274286,0.586509934,0.67826453,0.796442857,0.782186093,0.823207102,0.793046784,0.337791363,0.344541605,0.461694042,0.672975972,0.947171062,1,0.866268715,0.377932731,0.62618519,0.886600695
