1,0.830891669,0.675354932,0.477333068,0.517504129,0.352923469,0.49229735,0.529124465,0.55623196,0.603409572,0.624601439,0.598951723,0.357293224,0.520553281,0.212544799,0.457055457,0.454660087,0.480963337,0.506415764,0.526150426,0.509629774,0.483127068,0.416934838,0.274368021,0.359732113,0.354565548,0.397020763,0.421813285,0.410195402,0.406527415,0.420606877,0.371406341,0.247906724,0.282714796,0.315883236,0.337839896,0.347077528,0.341672424,0.333884304,0.319247957,0.248822785,0.212895667,0.255717243,0.290909396,0.304815187,0.30936849,0.294376551,0.272777064,0.252465172,0.211974666,0.223218901,0.245594134,0.277368564,0.282383768,0.244662912,0.222563408,0.205287246,0.273024196,0.27184646,0.237340733
0.830891669,1,0.86637346,0.592419483,0.613505418,0.33775778,0.558475193,0.586910739,0.618613211,0.674091242,0.706831063,0.703326179,0.494783057,0.637284284,0.214141904,0.466541449,0.461304177,0.489013066,0.516892597,0.552418369,0.553890678,0.580238366,0.501546793,0.253587057,0.315761728,0.306109458,0.352822965,0.393932269,0.392794092,0.401548548,0.436442198,0.377424581,0.183816419,0.218087006,0.251807331,0.276303588,0.296354725,0.301641252,0.29637304,0.292580405,0.224597658,0.160517987,0.194411262,0.223582137,0.243006152,0.248739548,0.241034459,0.224754458,0.211916603,0.180105156,0.180033243,0.192776955,0.217768669,0.222779332,0.194723839,0.179996087,0.173203198,0.216848867,0.211667017,0.188289281
0.675354932,0.86637346,1,0.516661982,0.567531022,0.220327384,0.389174601,0.407390698,0.434772647,0.501861467,0.555925789,0.589725577,0.562631111,0.666238108,0.244427978,0.319164842,0.301691809,0.312990874,0.346567306,0.39158351,0.415949671,0.51409823,0.475918936,0.18863089,0.194037791,0.178502998,0.206446858,0.241452611,0.248086827,0.264944349,0.329346133,0.280342477,0.128538725,0.141067992,0.152993644,0.164643275,0.182622023,0.185166672,0.187048862,0.199754874,0.151054075,0.134203183,0.144542665,0.153411923,0.163213358,0.165088339,0.160865089,0.151559324,0.151973202,0.136537689,0.162283681,0.160289515,0.174654423,0.168059763,0.14513992,0.138908537,0.13665173,0.189371181,0.165632591,0.142070733
0.477333068,0.592419483,0.516661982,1,0.446404429,0.483556479,0.756593907,0.816063306,0.814354476,0.774645216,0.766584976,0.725837144,0.579870673,0.527137304,0.294753768,0.671297913,0.670262957,0.645423198,0.615667126,0.65042722,0.61209869,0.52776624,0.465996929,0.425967292,0.479344644,0.454738129,0.484068362,0.500774979,0.476763206,0.44789773,0.418430138,0.341808285,0.300831046,0.327214956,0.36227399,0.381088357,0.387564301,0.365463653,0.34392233,0.325205639,0.24121689,0.2048754,0.257557764,0.303845586,0.331486271,0.32667442,0.305747356,0.283860588,0.267520464,0.244150253,0.192392334,0.221659078,0.260452109,0.279538761,0.261642915,0.245874924,0.237568799,0.225682459,0.24411778,0.237381775
0.517504129,0.613505418,0.567531022,0.446404429,1,0.297128803,0.331672343,0.414991754,0.44779352,0.504602851,0.562175486,0.560706524,0.554456145,0.525747819,0.225827976,0.280658563,0.333129168,0.394052582,0.416445496,0.465624665,0.502371014,0.564014682,0.492133124,0.232161605,0.266057707,0.278368377,0.321911725,0.356975043,0.366018875,0.386517886,0.414905428,0.28871895,0.215185294,0.239309698,0.264121164,0.285465989,0.302354815,0.301567996,0.298743963,0.297166896,0.266335926,0.191025419,0.232306937,0.255369563,0.269802091,0.275395034,0.26844639,0.252343659,0.241353562,0.200935839,0.204768314,0.225649416,0.254324184,0.260037591,0.233337104,0.218085805,0.205153971,0.235606911,0.235082824,0.216979464
0.352923469,0.33775778,0.220327384,0.483556479,0.297128803,1,0.567417905,0.667100703,0.620599506,0.536585697,0.442238728,0.339565297,0.240388833,0.262930085,0.666252261,0.685559035,0.743226419,0.688047855,0.586693148,0.487884068,0.372371434,0.264400389,0.275361265,0.636408369,0.695472389,0.682101737,0.691646844,0.62113747,0.494410347,0.380077594,0.278641119,0.181787396,0.524615617,0.5464011,0.601275119,0.616742877,0.570436468,0.471622271,0.387381594,0.321742345,0.253455552,0.344805217,0.427758289,0.497812219,0.522788354,0.494837162,0.424787325,0.36945031,0.329850171,0.302811223,0.304752095,0.349083947,0.394652126,0.396431517,0.341810489,0.301860797,0.281291975,0.325524563,0.317796369,0.291477207
0.49229735,0.558475193,0.389174601,0.756593907,0.331672343,0.567417905,1,0.873724859,0.793186114,0.708861906,0.668275384,0.633332789,0.345201713,0.38959657,0.329745111,0.78829451,0.738420761,0.662353222,0.585806074,0.580997987,0.536257626,0.434687127,0.37770775,0.453030361,0.512119238,0.480427742,0.49609905,0.483338677,0.450266037,0.419388805,0.377139968,0.390918414,0.260385796,0.298668811,0.353491175,0.382286741,0.376120613,0.360465423,0.328495391,0.306791737,0.267469746,0.151173689,0.208931194,0.27147922,0.306494162,0.312635257,0.295179497,0.275224319,0.251703297,0.213963488,0.140268602,0.16628233,0.210212565,0.253095453,0.248787857,0.235267202,0.226785228,0.17463058,0.218194161,0.236847384
0.529124465,0.586910739,0.407390698,0.816063306,0.414991754,0.667100703,0.873724859,1,0.960226246,0.90089415,0.830403496,0.718803169,0.402628556,0.477786257,0.343542736,0.857719121,0.917477916,0.900532059,0.825026388,0.804773424,0.721067675,0.561731218,0.507060803,0.518391208,0.704072454,0.710862762,0.746659314,0.736899588,0.686328393,0.626406345,0.539239313,0.42175911,0.432884489,0.500089573,0.580396418,0.618567077,0.609272364,0.574068233,0.526630207,0.478440506,0.378332238,0.290856403,0.384995156,0.470493267,0.515551994,0.512081445,0.477160112,0.43982063,0.400290689,0.357110229,0.267651581,0.319619249,0.379024175,0.414534933,0.381751527,0.347372239,0.329001514,0.315780733,0.350158441,0.340199967
0.55623196,0.618613211,0.434772647,0.814354476,0.44779352,0.620599506,0.793186114,0.960226246,1,0.973791783,0.916706326,0.804286527,0.405750387,0.514068495,0.314847211,0.795853846,0.879108266,0.931254791,0.91031983,0.895978419,0.812739444,0.639967919,0.553618792,0.467765584,0.664081473,0.703817537,0.772095297,0.798773047,0.758116151,0.703741946,0.620860706,0.507461435,0.405027237,0.481314678,0.575322989,0.632000836,0.643619301,0.623654427,0.585157949,0.538683629,0.438032052,0.275057213,0.372417002,0.46547601,0.521668393,0.534454697,0.51369035,0.478479414,0.433361333,0.368140749,0.257989818,0.312918959,0.376428213,0.429245178,0.406744981,0.371898213,0.349847691,0.318620229,0.374532268,0.372028098
0.603409572,0.674091242,0.501861467,0.774645216,0.504602851,0.536585697,0.708861906,0.90089415,0.973791783,1,0.97155,0.868674221,0.456875803,0.590438335,0.27028725,0.728867658,0.819945072,0.906590073,0.927244552,0.94242996,0.88456442,0.736665151,0.632181091,0.406089675,0.61228012,0.664218075,0.746500422,0.802083686,0.787630886,0.758119839,0.699229791,0.559062478,0.378807023,0.459046768,0.551645608,0.61282119,0.638007345,0.636306639,0.613304689,0.575811829,0.468809273,0.279864572,0.370992261,0.455242445,0.509990267,0.527318727,0.515982373,0.485332189,0.441105633,0.369685278,0.271906196,0.324055698,0.381706628,0.427403778,0.40305852,0.368856672,0.346639601,0.332174031,0.378572157,0.368535014
0.624601439,0.706831063,0.555925789,0.766584976,0.562175486,0.442238728,0.668275384,0.830403496,0.916706326,0.97155,1,0.944482358,0.535212594,0.65622843,0.248582739,0.648545841,0.721231456,0.818435881,0.866853403,0.929513098,0.917083942,0.807955685,0.685774118,0.345116595,0.520417265,0.570967174,0.657180247,0.731734451,0.744636375,0.746020608,0.718439323,0.60302758,0.328724144,0.396004499,0.477192301,0.539172848,0.573249033,0.585584917,0.577956542,0.558976901,0.468246477,0.247243585,0.328602646,0.403523179,0.453844664,0.476689458,0.475248593,0.451459108,0.412805272,0.332909277,0.238838351,0.288749772,0.344705128,0.392753741,0.376167431,0.347572741,0.324436594,0.296935997,0.349924072,0.347976099
0.598951723,0.703326179,0.589725577,0.725837144,0.560706524,0.339565297,0.633332789,0.718803169,0.804286527,0.868674221,0.944482358,1,0.587089482,0.731296789,0.250876621,0.567332402,0.589924176,0.667687327,0.723718933,0.816181236,0.869005416,0.850528987,0.716791131,0.280373204,0.403822393,0.438655839,0.510062652,0.581502067,0.611617803,0.646398598,0.673297241,0.627228798,0.260946991,0.303964456,0.362634402,0.413919498,0.445784752,0.465548749,0.468423941,0.475684853,0.425914604,0.201804032,0.261038083,0.317742001,0.355784515,0.381480788,0.388329441,0.372552634,0.346633003,0.271202691,0.189707307,0.233004137,0.283339378,0.333214864,0.328464361,0.311829118,0.292995489,0.24118273,0.303885555,0.315864734
0.357293224,0.494783057,0.562631111,0.579870673,0.554456145,0.240388833,0.345201713,0.402628556,0.405750387,0.456875803,0.535212594,0.587089482,1,0.630093215,0.289156205,0.322017584,0.314477766,0.298284057,0.303672053,0.404405006,0.481794192,0.611755694,0.59964677,0.252241757,0.225470317,0.208194146,0.216797662,0.247076138,0.280579486,0.328435611,0.405100365,0.32495642,0.211306427,0.200478097,0.196080484,0.200097585,0.215180878,0.220933087,0.234873734,0.262421073,0.208788939,0.192221617,0.202139098,0.201903646,0.211557232,0.20526621,0.202259134,0.203352617,0.210506988,0.203397419,0.18368424,0.195228387,0.210387838,0.203911102,0.197916597,0.196076561,0.195600356,0.186603291,0.17848737,0.176081563
0.520553281,0.637284284,0.666238108,0.527137304,0.525747819,0.262930085,0.38959657,0.477786257,0.514068495,0.590438335,0.65622843,0.731296789,0.630093215,1,0.327177881,0.389223902,0.402078934,0.435672141,0.471898315,0.556842417,0.634477264,0.779619588,0.78731351,0.200222041,0.317519272,0.338886086,0.377519789,0.408839279,0.439835092,0.468902012,0.545503324,0.436213822,0.333483862,0.335373303,0.346773005,0.361471448,0.371239852,0.361900241,0.354802909,0.367963382,0.313685387,0.333122332,0.350779089,0.365181974,0.36679959,0.363701482,0.345548457,0.318465568,0.308934874,0.285410793,0.326346448,0.352977246,0.381393322,0.373553674,0.322826367,0.302592499,0.287344058,0.363062947,0.352668235,0.307332578
0.212544799,0.214141904,0.244427978,0.294753768,0.225827976,0.666252261,0.329745111,0.343542736,0.314847211,0.27028725,0.248582739,0.250876621,0.289156205,0.327177881,1,0.454140948,0.428015029,0.372332438,0.297593922,0.262230904,0.219527494,0.228605985,0.24965865,0.554285574,0.488334585,0.485580789,0.456772858,0.381930253,0.310013042,0.240730218,0.19114984,0.13640306,0.424651036,0.442054629,0.475433495,0.475218624,0.439737578,0.360538916,0.299647804,0.256622564,0.23148515,0.320311452,0.377072041,0.42877479,0.449546688,0.438167711,0.390692047,0.35107921,0.325882515,0.312279921,0.284488325,0.322203669,0.36946345,0.393372367,0.367611807,0.334912167,0.305844305,0.306008296,0.319308291,0.307455753
0.457055457,0.466541449,0.319164842,0.671297913,0.280658563,0.685559035,0.78829451,0.857719121,0.795853846,0.728867658,0.648545841,0.567332402,0.322017584,0.389223902,0.454140948,1,0.930969261,0.789461993,0.657793393,0.631758657,0.561651786,0.427499047,0.393422377,0.687302743,0.830076068,0.76056781,0.705294095,0.619528965,0.559255212,0.508530291,0.437795197,0.341294066,0.500562918,0.562049322,0.610449387,0.594483261,0.543873806,0.497565638,0.457382047,0.419694381,0.332379379,0.323393704,0.414488186,0.480560143,0.500519882,0.474330351,0.436693076,0.4155449,0.389815222,0.374876887,0.278890442,0.333239919,0.379551128,0.393159405,0.377474748,0.355017597,0.338815531,0.306671348,0.324726168,0.320714986
0.454660087,0.461304177,0.301691809,0.670262957,0.333129168,0.743226419,0.738420761,0.917477916,0.879108266,0.819945072,0.721231456,0.589924176,0.314477766,0.402078934,0.428015029,0.930969261,1,0.932084818,0.810968157,0.754061048,0.649725756,0.471480121,0.436122404,0.635863599,0.878027763,0.87654275,0.856168011,0.776191202,0.69335375,0.609921367,0.497450047,0.349378587,0.57127518,0.649317704,0.729070907,0.731774709,0.679163372,0.61093014,0.550557927,0.485497283,0.373359131,0.393906352,0.499705249,0.584891122,0.610706591,0.582162922,0.528367046,0.484939522,0.442522844,0.420271943,0.353114726,0.413912068,0.465697085,0.474538911,0.430166631,0.389965757,0.366368269,0.3859815,0.392646668,0.367248765
0.480963337,0.489013066,0.312990874,0.645423198,0.394052582,0.688047855,0.662353222,0.900532059,0.931254791,0.906590073,0.818435881,0.667687327,0.298284057,0.435672141,0.372332438,0.789461993,0.932084818,1,0.95454453,0.892534403,0.770418715,0.565408172,0.494428726,0.515746283,0.792677074,0.864910499,0.923161475,0.912724622,0.833963454,0.738646418,0.60804472,0.441152419,0.53475436,0.631699826,0.745272854,0.798224709,0.784022504,0.728752492,0.664851283,0.587799978,0.472517508,0.383491074,0.503131192,0.612235312,0.666356446,0.664696488,0.622569804,0.567444311,0.508980727,0.451507956,0.361104164,0.427992203,0.496161588,0.536646831,0.488123945,0.436911697,0.406189556,0.424372548,0.461071564,0.43425962
0.506415764,0.516892597,0.346567306,0.615667126,0.416445496,0.586693148,0.585806074,0.825026388,0.91031983,0.927244552,0.866853403,0.723718933,0.303672053,0.471898315,0.297593922,0.657793393,0.810968157,0.95454453,1,0.953987568,0.841775407,0.632381565,0.534267065,0.396317763,0.64625002,0.749309031,0.865186968,0.930266089,0.881429681,0.797651264,0.675299638,0.510328513,0.437706718,0.528789335,0.648570742,0.735982141,0.767544435,0.744841867,0.695288229,0.62368113,0.511208654,0.327188142,0.431468888,0.539308848,0.610706502,0.637731595,0.618515514,0.568566626,0.506186419,0.425278624,0.320807802,0.379539888,0.449057514,0.510796836,0.473344823,0.425795265,0.394030522,0.402157307,0.458616165,0.435909819
0.526150426,0.552418369,0.39158351,0.65042722,0.465624665,0.487884068,0.580997987,0.804773424,0.895978419,0.94242996,0.929513098,0.816181236,0.404405006,0.556842417,0.262230904,0.631758657,0.754061048,0.892534403,0.953987568,1,0.950430111,0.763492991,0.659674129,0.357449231,0.591124871,0.686889074,0.802476556,0.89346229,0.918098406,0.892020215,0.804361176,0.615597033,0.407912372,0.497006663,0.606174225,0.698227664,0.751836974,0.774557627,0.758317069,0.711770278,0.593068307,0.320167217,0.420436626,0.521322233,0.599445336,0.637720345,0.641124813,0.610824872,0.554475491,0.461050766,0.313160843,0.374763935,0.448001113,0.520022787,0.500212358,0.458305149,0.426307698,0.396524125,0.465318762,0.453941021
0.509629774,0.553890678,0.415949671,0.61209869,0.502371014,0.372371434,0.536257626,0.721067675,0.812739444,0.88456442,0.917083942,0.869005416,0.481794192,0.634477264,0.219527494,0.561651786,0.649725756,0.770418715,0.841775407,0.950430111,1,0.890509739,0.777671677,0.294480797,0.491871753,0.572955743,0.671562583,0.771090023,0.856711754,0.906475163,0.882687732,0.704350577,0.348268384,0.417592248,0.50396184,0.586838736,0.647344304,0.705044463,0.723095762,0.70929674,0.616025144,0.287887695,0.366475337,0.443783242,0.511521955,0.554877704,0.57487988,0.564756983,0.519693157,0.426306283,0.275548058,0.33151342,0.392750677,0.461005841,0.456952665,0.427203295,0.399115791,0.342954219,0.413211522,0.413336509
0.483127068,0.580238366,0.51409823,0.52776624,0.564014682,0.264400389,0.434687127,0.561731218,0.639967919,0.736665151,0.807955685,0.850528987,0.611755694,0.779619588,0.228605985,0.427499047,0.471480121,0.565408172,0.632381565,0.763492991,0.890509739,1,0.91029343,0.213864401,0.347530518,0.398073513,0.463652088,0.552025047,0.645998014,0.746300069,0.846932569,0.69472387,0.290361478,0.326301594,0.368187845,0.414969082,0.462234686,0.520394712,0.555628756,0.59197596,0.54131483,0.27316957,0.318000944,0.350130104,0.384820413,0.410950176,0.432439384,0.433187088,0.414750101,0.343515405,0.264884807,0.304174809,0.338814026,0.37069242,0.36449531,0.348349924,0.336706964,0.299350087,0.337763022,0.336271975
0.416934838,0.501546793,0.475918936,0.465996929,0.492133124,0.275361265,0.37770775,0.507060803,0.553618792,0.632181091,0.685774118,0.716791131,0.59964677,0.78731351,0.24965865,0.393422377,0.436122404,0.494428726,0.534267065,0.659674129,0.777671677,0.91029343,1,0.237850765,0.350333195,0.386002777,0.430437733,0.487921083,0.591416764,0.681189698,0.798562255,0.625033021,0.341089237,0.356369962,0.378305126,0.408967699,0.446432718,0.503286749,0.539566336,0.592525378,0.544991218,0.325632565,0.355169098,0.375559729,0.402468294,0.421310644,0.440803232,0.4491561,0.444654635,0.396980777,0.309965382,0.343283604,0.376365252,0.401337841,0.39139965,0.379825797,0.37394584,0.341726703,0.372044268,0.362158587
0.274368021,0.253587057,0.18863089,0.425967292,0.232161605,0.636408369,0.453030361,0.518391208,0.467765584,0.406089675,0.345116595,0.280373204,0.252241757,0.200222041,0.554285574,0.687302743,0.635863599,0.515746283,0.396317763,0.357449231,0.294480797,0.213864401,0.237850765,1,0.737096492,0.612377347,0.529809904,0.419581781,0.348914167,0.29581903,0.23388354,0.146833548,0.513704441,0.535819096,0.534237202,0.483318272,0.41080046,0.347513574,0.307135081,0.273658262,0.215415624,0.327863666,0.393170924,0.427036887,0.421845568,0.3781072,0.330036066,0.310073691,0.294754044,0.302365675,0.285008982,0.311815857,0.331074764,0.317358943,0.293922109,0.275389687,0.263406209,0.27154796,0.253138957,0.241391347
0.359732113,0.315761728,0.194037791,0.479344644,0.266057707,0.695472389,0.512119238,0.704072454,0.664081473,0.61228012,0.520417265,0.403822393,0.225470317,0.317519272,0.488334585,0.830076068,0.878027763,0.792677074,0.64625002,0.591124871,0.491871753,0.347530518,0.350333195,0.737096492,1,0.950158975,0.856993781,0.7036081,0.608640841,0.519137078,0.41216041,0.242927734,0.800388968,0.867473774,0.888480146,0.818671412,0.709951788,0.606767566,0.541476589,0.469106572,0.357795766,0.607113824,0.712472389,0.765602213,0.739286612,0.665675973,0.584449086,0.530814187,0.491046246,0.500061687,0.544152116,0.607778153,0.632776703,0.583554326,0.504768898,0.450894493,0.418879502,0.533239195,0.48408225,0.422502333
0.354565548,0.306109458,0.178502998,0.454738129,0.278368377,0.682101737,0.480427742,0.710862762,0.703817537,0.664218075,0.570967174,0.438655839,0.208194146,0.338886086,0.485580789,0.76056781,0.87654275,0.864910499,0.749309031,0.686889074,0.572955743,0.398073513,0.386002777,0.612377347,0.950158975,1,0.954377489,0.829468926,0.735543846,0.628709531,0.494484068,0.309005186,0.769696285,0.867015196,0.941870753,0.918634237,0.835191237,0.734449897,0.660004296,0.568628456,0.447798121,0.601590917,0.725083829,0.816627236,0.82513361,0.776691256,0.702391078,0.638238692,0.583151096,0.570409358,0.549216675,0.627052053,0.681110524,0.673839541,0.597655794,0.533004764,0.491073461,0.581117491,0.572048073,0.51305786
0.397020763,0.352822965,0.206446858,0.484068362,0.321911725,0.691646844,0.49609905,0.746659314,0.772095297,0.746500422,0.657180247,0.510062652,0.216797662,0.377519789,0.456772858,0.705294095,0.856168011,0.923161475,0.865186968,0.802476556,0.671562583,0.463652088,0.430437733,0.529809904,0.856993781,0.954377489,1,0.947978414,0.860821776,0.735355184,0.57512497,0.375591636,0.690860413,0.794885928,0.90694015,0.952862865,0.923455334,0.840086959,0.756509115,0.652557496,0.521902859,0.538662943,0.673452202,0.796485468,0.850726242,0.839283153,0.779178102,0.707689164,0.638911433,0.588914326,0.508250701,0.590438924,0.673335032,0.712419238,0.641524174,0.571328114,0.52395569,0.587140971,0.615000545,0.562229765
0.421813285,0.393932269,0.241452611,0.500774979,0.356975043,0.62113747,0.483338677,0.736899588,0.798773047,0.802083686,0.731734451,0.581502067,0.247076138,0.408839279,0.381930253,0.619528965,0.776191202,0.912724622,0.930266089,0.89346229,0.771090023,0.552025047,0.487921083,0.419581781,0.7036081,0.829468926,0.947978414,1,0.948338683,0.838703989,0.679120215,0.466524942,0.54554466,0.652781814,0.784317915,0.889793143,0.929955162,0.893922844,0.825575162,0.728270015,0.596089019,0.430128192,0.559181045,0.69122081,0.78681876,0.818010887,0.79024165,0.729387961,0.655547842,0.567551133,0.421539112,0.497561622,0.592330581,0.67235437,0.626292286,0.562482051,0.517084232,0.526709227,0.588338023,0.554548312
0.410195402,0.392794092,0.248086827,0.476763206,0.366018875,0.494410347,0.450266037,0.686328393,0.758116151,0.787630886,0.744636375,0.611617803,0.280579486,0.439835092,0.310013042,0.559255212,0.69335375,0.833963454,0.881429681,0.918098406,0.856711754,0.645998014,0.591416764,0.348914167,0.608640841,0.735543846,0.860821776,0.948338683,1,0.956286583,0.825345228,0.568826773,0.467248313,0.572592038,0.699325736,0.81903498,0.899567108,0.943206564,0.922675404,0.852624753,0.716005603,0.387803828,0.502405545,0.628223711,0.742271641,0.804852455,0.821666969,0.794889696,0.728607212,0.626670596,0.386040801,0.458584436,0.557925839,0.670294032,0.660582541,0.608742302,0.567002582,0.50538011,0.599044898,0.58593586
0.406527415,0.401548548,0.264944349,0.44789773,0.386517886,0.380077594,0.419388805,0.626406345,0.703741946,0.758119839,0.746020608,0.646398598,0.328435611,0.468902012,0.240730218,0.508530291,0.609921367,0.738646418,0.797651264,0.892020215,0.906475163,0.746300069,0.681189698,0.29581903,0.519137078,0.628709531,0.735355184,0.838703989,0.956286583,1,0.931102778,0.664966171,0.384790952,0.481830394,0.589843447,0.699301487,0.790104201,0.886446973,0.915955145,0.882534238,0.759298453,0.332103882,0.428751083,0.53028695,0.636785239,0.706714368,0.750304723,0.754030701,0.69915435,0.591823135,0.329683775,0.393912127,0.476663117,0.586171599,0.603004694,0.56573833,0.530978069,0.427931691,0.523776596,0.529452391
0.420606877,0.436442198,0.329346133,0.418430138,0.414905428,0.278641119,0.377139968,0.539239313,0.620860706,0.699229791,0.718439323,0.673297241,0.405100365,0.545503324,0.19114984,0.437795197,0.497450047,0.60804472,0.675299638,0.804361176,0.882687732,0.846932569,0.798562255,0.23388354,0.41216041,0.494484068,0.57512497,0.679120215,0.825345228,0.931102778,1,0.747106174,0.315583713,0.391064534,0.465822647,0.546095764,0.633729131,0.757426196,0.826246766,0.865586992,0.776989574,0.293668014,0.364095582,0.430248777,0.513947712,0.578499865,0.642065774,0.67399828,0.648611539,0.549831417,0.293400991,0.345734133,0.407434818,0.500985761,0.537654072,0.520145005,0.504024383,0.369453141,0.462171331,0.484007818
0.371406341,0.377424581,0.280342477,0.341808285,0.28871895,0.181787396,0.390918414,0.42175911,0.507461435,0.559062478,0.60302758,0.627228798,0.32495642,0.436213822,0.13640306,0.341294066,0.349378587,0.441152419,0.510328513,0.615597033,0.704350577,0.69472387,0.625033021,0.146833548,0.242927734,0.309005186,0.375591636,0.466524942,0.568826773,0.664966171,0.747106174,1,0.173007564,0.210220453,0.265291534,0.33612111,0.399160225,0.494569056,0.548685165,0.605472436,0.651792268,0.153140655,0.190390543,0.239448123,0.297385397,0.360295404,0.419707405,0.450775479,0.429202004,0.32107972,0.143703309,0.172552914,0.212206113,0.305711904,0.366784974,0.366181488,0.345595541,0.179913137,0.29307217,0.362237472
0.247906724,0.183816419,0.128538725,0.300831046,0.215185294,0.524615617,0.260385796,0.432884489,0.405027237,0.378807023,0.328724144,0.260946991,0.211306427,0.333483862,0.424651036,0.500562918,0.57127518,0.53475436,0.437706718,0.407912372,0.348268384,0.290361478,0.341089237,0.513704441,0.800388968,0.769696285,0.690860413,0.54554466,0.467248313,0.384790952,0.315583713,0.173007564,1,0.958464136,0.872881248,0.762679928,0.641954513,0.514723871,0.450821264,0.384499149,0.294600337,0.907359236,0.926709446,0.888605494,0.786852742,0.677600121,0.57418679,0.504256901,0.475734782,0.521344622,0.817270415,0.853567156,0.821947591,0.684116403,0.549748761,0.486400618,0.448015519,0.743107999,0.609117972,0.483788157
0.282714796,0.218087006,0.141067992,0.327214956,0.239309698,0.5464011,0.298668811,0.500089573,0.481314678,0.459046768,0.396004499,0.303964456,0.200478097,0.335373303,0.442054629,0.562049322,0.649317704,0.631699826,0.528789335,0.497006663,0.417592248,0.326301594,0.356369962,0.535819096,0.867473774,0.867015196,0.794885928,0.652781814,0.572592038,0.481830394,0.391064534,0.210220453,0.958464136,1,0.9616281,0.868307191,0.75410749,0.630908421,0.56353539,0.48313543,0.369592465,0.875992026,0.951375189,0.955770553,0.881950127,0.780552194,0.680316994,0.6060979,0.567492059,0.600258663,0.817153071,0.87633968,0.875370922,0.763224287,0.630791273,0.556413638,0.51189439,0.778604677,0.667285966,0.547096695
0.315883236,0.251807331,0.152993644,0.36227399,0.264121164,0.601275119,0.353491175,0.580396418,0.575322989,0.551645608,0.477192301,0.362634402,0.196080484,0.346773005,0.475433495,0.610449387,0.729070907,0.745272854,0.648570742,0.606174225,0.50396184,0.368187845,0.378305126,0.534237202,0.888480146,0.941870753,0.90694015,0.784317915,0.699325736,0.589843447,0.465822647,0.265291534,0.872881248,0.9616281,1,0.960882976,0.871891796,0.755341143,0.676819907,0.580098841,0.454341913,0.765317475,0.883014452,0.95347511,0.937967121,0.869529666,0.779434338,0.700154594,0.646054139,0.648221514,0.723769497,0.803122938,0.850859498,0.807465731,0.692609932,0.611982458,0.560495132,0.7484144,0.698383086,0.599956563
0.337839896,0.276303588,0.164643275,0.381088357,0.285465989,0.616742877,0.382286741,0.618567077,0.632000836,0.61282119,0.539172848,0.413919498,0.200097585,0.361471448,0.475218624,0.594483261,0.731774709,0.798224709,0.735982141,0.698227664,0.586838736,0.414969082,0.408967699,0.483318272,0.818671412,0.918634237,0.952862865,0.889793143,0.81903498,0.699301487,0.546095764,0.33612111,0.762679928,0.868307191,0.960882976,1,0.96602555,0.87330399,0.788226802,0.67931144,0.548549693,0.650505383,0.789868221,0.909425238,0.959584669,0.939115795,0.868734432,0.788419073,0.719544459,0.679704583,0.626036496,0.715924739,0.807530289,0.838652053,0.746341668,0.663293652,0.604415549,0.711201715,0.723798104,0.649058248
0.347077528,0.296354725,0.182622023,0.387564301,0.302354815,0.570436468,0.376120613,0.609272364,0.643619301,0.638007345,0.573249033,0.445784752,0.215180878,0.371239852,0.439737578,0.543873806,0.679163372,0.784022504,0.767544435,0.751836974,0.647344304,0.462234686,0.446432718,0.41080046,0.709951788,0.835191237,0.923455334,0.929955162,0.899567108,0.790104201,0.633729131,0.399160225,0.641954513,0.75410749,0.871891796,0.96602555,1,0.955434457,0.884202512,0.778876933,0.640750093,0.550581249,0.689844514,0.830230622,0.931438268,0.960004367,0.925917548,0.860835949,0.789061536,0.716832862,0.545778906,0.634043604,0.749801302,0.842480437,0.786250727,0.710079726,0.652031016,0.673061429,0.738210034,0.689576869
0.341672424,0.301641252,0.185166672,0.365463653,0.301567996,0.471622271,0.360465423,0.574068233,0.623654427,0.636306639,0.585584917,0.465548749,0.220933087,0.361900241,0.360538916,0.497565638,0.61093014,0.728752492,0.744841867,0.774557627,0.705044463,0.520394712,0.503286749,0.347513574,0.606767566,0.734449897,0.840086959,0.893922844,0.943206564,0.886446973,0.757426196,0.494569056,0.514723871,0.630908421,0.755341143,0.87330399,0.955434457,1,0.976306892,0.903631428,0.766325423,0.445578151,0.575120338,0.716543496,0.847604575,0.919459553,0.944584094,0.922719969,0.860860414,0.762480706,0.45190915,0.535018067,0.659307005,0.804244899,0.806813546,0.749461574,0.701199458,0.602003388,0.721096835,0.714595143
0.333884304,0.29637304,0.187048862,0.34392233,0.298743963,0.387381594,0.328495391,0.526630207,0.585157949,0.613304689,0.577956542,0.468423941,0.234873734,0.354802909,0.299647804,0.457382047,0.550557927,0.664851283,0.695288229,0.758317069,0.723095762,0.555628756,0.539566336,0.307135081,0.541476589,0.660004296,0.756509115,0.825575162,0.922675404,0.915955145,0.826246766,0.548685165,0.450821264,0.56353539,0.676819907,0.788226802,0.884202512,0.976306892,1,0.961849988,0.82841943,0.402058272,0.518255976,0.644387883,0.774392525,0.858191097,0.91803851,0.930511865,0.884562141,0.78248839,0.412692639,0.488464295,0.60341285,0.757922779,0.796986412,0.756589644,0.715955014,0.559777945,0.694161364,0.70877945
0.319247957,0.292580405,0.199754874,0.325205639,0.297166896,0.321742345,0.306791737,0.478440506,0.538683629,0.575811829,0.558976901,0.475684853,0.262421073,0.367963382,0.256622564,0.419694381,0.485497283,0.587799978,0.62368113,0.711770278,0.70929674,0.59197596,0.592525378,0.273658262,0.469106572,0.568628456,0.652557496,0.728270015,0.852624753,0.882534238,0.865586992,0.605472436,0.384499149,0.48313543,0.580098841,0.67931144,0.778876933,0.903631428,0.961849988,1,0.909076665,0.344011296,0.44696171,0.556037017,0.679604406,0.769922806,0.861884691,0.913143008,0.902185262,0.803922829,0.351745838,0.424239659,0.533845647,0.699614168,0.781984939,0.770219941,0.750104078,0.495829656,0.658242455,0.710967321
0.248822785,0.224597658,0.151054075,0.24121689,0.266335926,0.253455552,0.267469746,0.378332238,0.438032052,0.468809273,0.468246477,0.425914604,0.208788939,0.313685387,0.23148515,0.332379379,0.373359131,0.472517508,0.511208654,0.593068307,0.616025144,0.54131483,0.544991218,0.215415624,0.357795766,0.447798121,0.521902859,0.596089019,0.716005603,0.759298453,0.776989574,0.651792268,0.294600337,0.369592465,0.454341913,0.548549693,0.640750093,0.766325423,0.82841943,0.909076665,1,0.250663059,0.340215545,0.436872987,0.548297973,0.646491136,0.752401535,0.818172709,0.825443348,0.720295801,0.24655735,0.315999236,0.417577327,0.599773669,0.715343266,0.728121068,0.717761526,0.376304081,0.580991221,0.679483912
0.212895667,0.160517987,0.134203183,0.2048754,0.191025419,0.344805217,0.151173689,0.290856403,0.275057213,0.279864572,0.247243585,0.201804032,0.192221617,0.333122332,0.320311452,0.323393704,0.393906352,0.383491074,0.327188142,0.320167217,0.287887695,0.27316957,0.325632565,0.327863666,0.607113824,0.601590917,0.538662943,0.430128192,0.387803828,0.332103882,0.293668014,0.153140655,0.907359236,0.875992026,0.765317475,0.650505383,0.550581249,0.445578151,0.402058272,0.344011296,0.250663059,1,0.957075256,0.860245191,0.733585512,0.61865028,0.524375316,0.459846472,0.444701257,0.520248309,0.954599612,0.952924625,0.87712585,0.682548871,0.52910375,0.467460433,0.435065152,0.839844068,0.63247416,0.470276537
0.255717243,0.194411262,0.144542665,0.257557764,0.232306937,0.427758289,0.208931194,0.384995156,0.372417002,0.370992261,0.328602646,0.261038083,0.202139098,0.350779089,0.377072041,0.414488186,0.499705249,0.503131192,0.431468888,0.420436626,0.366475337,0.318000944,0.355169098,0.393170924,0.712472389,0.725083829,0.673452202,0.559181045,0.502405545,0.428751083,0.364095582,0.190390543,0.926709446,0.951375189,0.883014452,0.789868221,0.689844514,0.575120338,0.518255976,0.44696171,0.340215545,0.957075256,1,0.959704304,0.861870194,0.753740503,0.655088971,0.580037256,0.551978583,0.600389691,0.92629426,0.973173786,0.946875694,0.790281911,0.635727553,0.560570495,0.517444102,0.86684247,0.709413196,0.560121136
0.290909396,0.223582137,0.153411923,0.303845586,0.255369563,0.497812219,0.27147922,0.470493267,0.46547601,0.455242445,0.403523179,0.317742001,0.201903646,0.365181974,0.42877479,0.480560143,0.584891122,0.612235312,0.539308848,0.521322233,0.443783242,0.350130104,0.375559729,0.427036887,0.765602213,0.816627236,0.796485468,0.69122081,0.628223711,0.53028695,0.430248777,0.239448123,0.888605494,0.955770553,0.95347511,0.909425238,0.830230622,0.716543496,0.644387883,0.556037017,0.436872987,0.860245191,0.959704304,1,0.96168759,0.885674166,0.79332698,0.709883127,0.665889197,0.681631272,0.838104817,0.917015409,0.959133929,0.886249029,0.746042324,0.661002975,0.605646016,0.864535446,0.786868089,0.659866319
0.304815187,0.243006152,0.163213358,0.331486271,0.269802091,0.522788354,0.306494162,0.515551994,0.521668393,0.509990267,0.453844664,0.355784515,0.211557232,0.36679959,0.449546688,0.500519882,0.610706591,0.666356446,0.610706502,0.599445336,0.511521955,0.384820413,0.402468294,0.421845568,0.739286612,0.82513361,0.850726242,0.78681876,0.742271641,0.636785239,0.513947712,0.297385397,0.786852742,0.881950127,0.937967121,0.959584669,0.931438268,0.847604575,0.774392525,0.679604406,0.548297973,0.733585512,0.861870194,0.96168759,1,0.973758126,0.90703737,0.83064827,0.776367529,0.756325302,0.726892971,0.817631243,0.914029318,0.934988725,0.830754767,0.745529796,0.685082104,0.824794658,0.825232433,0.732342493
0.30936849,0.248739548,0.165088339,0.32667442,0.275395034,0.494837162,0.312635257,0.512081445,0.534454697,0.527318727,0.476689458,0.381480788,0.20526621,0.363701482,0.438167711,0.474330351,0.582162922,0.664696488,0.637731595,0.637720345,0.554877704,0.410950176,0.421310644,0.3781072,0.665675973,0.776691256,0.839283153,0.818010887,0.804852455,0.706714368,0.578499865,0.360295404,0.677600121,0.780552194,0.869529666,0.939115795,0.960004367,0.919459553,0.858191097,0.769922806,0.646491136,0.61865028,0.753740503,0.885674166,0.973758126,1,0.971705136,0.912054533,0.854602432,0.798967158,0.619726973,0.715564693,0.845588685,0.947906651,0.890206222,0.813630018,0.749685553,0.770974419,0.850603019,0.796771638
0.294376551,0.241034459,0.160865089,0.305747356,0.26844639,0.424787325,0.295179497,0.477160112,0.51369035,0.515982373,0.475248593,0.388329441,0.202259134,0.345548457,0.390692047,0.436693076,0.528367046,0.622569804,0.618515514,0.641124813,0.57487988,0.432439384,0.440803232,0.330036066,0.584449086,0.702391078,0.779178102,0.79024165,0.821666969,0.750304723,0.642065774,0.419707405,0.57418679,0.680316994,0.779434338,0.868734432,0.925917548,0.944584094,0.91803851,0.861884691,0.752401535,0.524375316,0.655088971,0.79332698,0.90703737,0.971705136,1,0.978950916,0.937976982,0.86282516,0.532190306,0.627496213,0.770613863,0.930994509,0.940184532,0.886629756,0.831935611,0.715227055,0.863333612,0.8586395
0.272777064,0.224754458,0.151559324,0.283860588,0.252343659,0.36945031,0.275224319,0.43982063,0.478479414,0.485332189,0.451459108,0.372552634,0.203352617,0.318465568,0.35107921,0.4155449,0.484939522,0.567444311,0.568566626,0.610824872,0.564756983,0.433187088,0.4491561,0.310073691,0.530814187,0.638238692,0.707689164,0.729387961,0.794889696,0.754030701,0.67399828,0.450775479,0.504256901,0.6060979,0.700154594,0.788419073,0.860835949,0.922719969,0.930511865,0.913143008,0.818172709,0.459846472,0.580037256,0.709883127,0.83064827,0.912054533,0.978950916,1,0.982987569,0.908135802,0.467905367,0.557693242,0.698054476,0.883397044,0.949300596,0.922696276,0.881921171,0.654542778,0.836851644,0.873338185
0.252465172,0.211916603,0.151973202,0.267520464,0.241353562,0.329850171,0.251703297,0.400290689,0.433361333,0.441105633,0.412805272,0.346633003,0.210506988,0.308934874,0.325882515,0.389815222,0.442522844,0.508980727,0.506186419,0.554475491,0.519693157,0.414750101,0.444654635,0.294754044,0.491046246,0.583151096,0.638911433,0.655547842,0.728607212,0.69915435,0.648611539,0.429202004,0.475734782,0.567492059,0.646054139,0.719544459,0.789061536,0.860860414,0.884562141,0.902185262,0.825443348,0.444701257,0.551978583,0.665889197,0.776367529,0.854602432,0.937976982,0.982987569,1,0.95132134,0.454408151,0.539660215,0.673292716,0.857537953,0.953534069,0.953820376,0.934829416,0.640991094,0.835656873,0.894030349
0.211974666,0.180105156,0.136537689,0.244150253,0.200935839,0.302811223,0.213963488,0.357110229,0.368140749,0.369685278,0.332909277,0.271202691,0.203397419,0.285410793,0.312279921,0.374876887,0.420271943,0.451507956,0.425278624,0.461050766,0.426306283,0.343515405,0.396980777,0.302365675,0.500061687,0.570409358,0.588914326,0.567551133,0.626670596,0.591823135,0.549831417,0.32107972,0.521344622,0.600258663,0.648221514,0.679704583,0.716832862,0.762480706,0.78248839,0.803922829,0.720295801,0.520248309,0.600389691,0.681631272,0.756325302,0.798967158,0.86282516,0.908135802,0.95132134,1,0.534936726,0.603537178,0.709107919,0.839858901,0.917633676,0.929132615,0.93645389,0.697856375,0.83939409,0.870702225
0.223218901,0.180033243,0.162283681,0.192392334,0.204768314,0.304752095,0.140268602,0.267651581,0.257989818,0.271906196,0.238838351,0.189707307,0.18368424,0.326346448,0.284488325,0.278890442,0.353114726,0.361104164,0.320807802,0.313160843,0.275548058,0.264884807,0.309965382,0.285008982,0.544152116,0.549216675,0.508250701,0.421539112,0.386040801,0.329683775,0.293400991,0.143703309,0.817270415,0.817153071,0.723769497,0.626036496,0.545778906,0.45190915,0.412692639,0.351745838,0.24655735,0.954599612,0.92629426,0.838104817,0.726892971,0.619726973,0.532190306,0.467905367,0.454408151,0.534936726,1,0.973867755,0.895388793,0.696614358,0.533565739,0.46834934,0.439170929,0.911888694,0.664525506,0.479027487
0.245594134,0.192776955,0.160289515,0.221659078,0.225649416,0.349083947,0.16628233,0.319619249,0.312918959,0.324055698,0.288749772,0.233004137,0.195228387,0.352977246,0.322203669,0.333239919,0.413912068,0.427992203,0.379539888,0.374763935,0.33151342,0.304174809,0.343283604,0.311815857,0.607778153,0.627052053,0.590438924,0.497561622,0.458584436,0.393912127,0.345734133,0.172552914,0.853567156,0.87633968,0.803122938,0.715924739,0.634043604,0.535018067,0.488464295,0.424239659,0.315999236,0.952924625,0.973173786,0.917015409,0.817631243,0.715564693,0.627496213,0.557693242,0.539660215,0.603537178,0.973867755,1,0.960779944,0.789092274,0.628233496,0.556938178,0.520297121,0.926578887,0.737288398,0.565953296
0.277368564,0.217768669,0.174654423,0.260452109,0.254324184,0.394652126,0.210212565,0.379024175,0.376428213,0.381706628,0.344705128,0.283339378,0.210387838,0.381393322,0.36946345,0.379551128,0.465697085,0.496161588,0.449057514,0.448001113,0.392750677,0.338814026,0.376365252,0.331074764,0.632776703,0.681110524,0.673335032,0.592330581,0.557925839,0.476663117,0.407434818,0.212206113,0.821947591,0.875370922,0.850859498,0.807530289,0.749801302,0.659307005,0.60341285,0.533845647,0.417577327,0.87712585,0.946875694,0.959133929,0.914029318,0.845588685,0.770613863,0.698054476,0.673292716,0.709107919,0.895388793,0.960779944,1,0.913847475,0.770014487,0.693097311,0.644845835,0.946131814,0.848721119,0.701101352
0.282383768,0.222779332,0.168059763,0.279538761,0.260037591,0.396431517,0.253095453,0.414534933,0.429245178,0.427403778,0.392753741,0.333214864,0.203911102,0.373553674,0.393372367,0.393159405,0.474538911,0.536646831,0.510796836,0.520022787,0.461005841,0.37069242,0.401337841,0.317358943,0.583554326,0.673839541,0.712419238,0.67235437,0.670294032,0.586171599,0.500985761,0.305711904,0.684116403,0.763224287,0.807465731,0.838652053,0.842480437,0.804244899,0.757922779,0.699614168,0.599773669,0.682548871,0.790281911,0.886249029,0.934988725,0.947906651,0.930994509,0.883397044,0.857537953,0.839858901,0.696614358,0.789092274,0.913847475,1,0.941803771,0.87852562,0.823355275,0.867103136,0.9499767,0.884058591
0.244662912,0.194723839,0.14513992,0.261642915,0.233337104,0.341810489,0.248787857,0.381751527,0.406744981,0.40305852,0.376167431,0.328464361,0.197916597,0.322826367,0.367611807,0.377474748,0.430166631,0.488123945,0.473344823,0.500212358,0.456952665,0.36449531,0.39139965,0.293922109,0.504768898,0.597655794,0.641524174,0.626292286,0.660582541,0.603004694,0.537654072,0.366784974,0.549748761,0.630791273,0.692609932,0.746341668,0.786250727,0.806813546,0.796986412,0.781984939,0.715343266,0.52910375,0.635727553,0.746042324,0.830754767,0.890206222,0.940184532,0.949300596,0.953534069,0.917633676,0.533565739,0.628233496,0.770014487,0.941803771,1,0.982048067,0.943076281,0.732339561,0.926845218,0.958759083
0.222563408,0.179996087,0.138908537,0.245874924,0.218085805,0.301860797,0.235267202,0.347372239,0.371898213,0.368856672,0.347572741,0.311829118,0.196076561,0.302592499,0.334912167,0.355017597,0.389965757,0.436911697,0.425795265,0.458305149,0.427203295,0.348349924,0.379825797,0.275389687,0.450894493,0.533004764,0.571328114,0.562482051,0.608742302,0.56573833,0.520145005,0.366181488,0.486400618,0.556413638,0.611982458,0.663293652,0.710079726,0.749461574,0.756589644,0.770219941,0.728121068,0.467460433,0.560570495,0.661002975,0.745529796,0.813630018,0.886629756,0.922696276,0.953820376,0.929132615,0.46834934,0.556938178,0.693097311,0.87852562,0.982048067,1,0.982370438,0.66663195,0.890749744,0.962517039
