1,0.629338305,0.510050544,0.772779709,0.530395098,0.689071762,0.760497534,0.675507637,0.675955769,0.704731442,0.651901414,0.431921463,0.190617352,0.249889696,0.380380668,0.381366351,0.465591161,0.559586776,0.626805182,0.624580067,0.478433648,0.557284709,0.348261929,0.364704839,0.46284148,0.49306622,0.523683211,0.628474173,0.49805808,0.476465134,0.386561459,0.463951592,0.492278477,0.462583395,0.495156288,0.547096545,0.639897749,0.521263637,0.436090635,0.458529689,0.485524983,0.540833126,0.597532653,0.557545084,0.620212968,0.633254009,0.608908279,0.553800458,0.530370624,0.486685865,0.631210546,0.655390888,0.655471364,0.639982454,0.630187389,0.614650039,0.582634832,0.682510727,0.666405484,0.30573311
0.629338305,1,0.758987701,0.64533604,0.701762452,0.673522601,0.506944813,0.609933211,0.599825532,0.667877712,0.697116728,0.689472168,0.400177514,0.405514814,0.22130266,0.236112645,0.378347972,0.448146524,0.535909756,0.551480254,0.532447347,0.617326353,0.555128654,0.341673208,0.357991659,0.390441253,0.43186391,0.520007072,0.474830841,0.489989462,0.443768385,0.554377107,0.481314636,0.345103409,0.374157309,0.42868683,0.516125288,0.494814706,0.466805073,0.55326792,0.550215888,0.4314334,0.401628823,0.40461794,0.455989305,0.494987071,0.520896313,0.536521291,0.557794394,0.505538345,0.473904761,0.457902863,0.469210324,0.514194667,0.549577834,0.550827713,0.602819597,0.536929159,0.540346889,0.263219479
0.510050544,0.758987701,1,0.601604242,0.84353328,0.56656299,0.505500993,0.71835613,0.678651473,0.734537876,0.751002521,0.639928283,0.481912523,0.46365997,0.258473522,0.286502238,0.430784116,0.542779287,0.629872524,0.635036873,0.596379505,0.664159098,0.599182757,0.38855905,0.437463969,0.452287652,0.51365637,0.596880989,0.566758483,0.578145502,0.415810345,0.544956268,0.51554811,0.396525536,0.437892543,0.504763234,0.580521688,0.617248924,0.588376637,0.618535135,0.533579656,0.46440939,0.450572174,0.461340477,0.49388333,0.548130315,0.595056209,0.631839086,0.60454539,0.459796208,0.464578491,0.468129005,0.469690556,0.538823205,0.576812426,0.572792248,0.61479366,0.500037175,0.509272676,0.389670328
0.772779709,0.64533604,0.601604242,1,0.623624365,0.675229502,0.739025992,0.702841424,0.75307329,0.744997942,0.685733622,0.463688255,0.242544432,0.2922516,0.332801857,0.353578147,0.475139784,0.553471336,0.65863076,0.668105737,0.558716269,0.631062768,0.402960601,0.37509621,0.441357826,0.491212558,0.536559424,0.648712073,0.553977425,0.54930995,0.394287992,0.489545116,0.486865533,0.447018494,0.484977106,0.533875709,0.650741668,0.54330682,0.459486944,0.470368243,0.477674917,0.506113108,0.553299246,0.538760536,0.59362888,0.6158499,0.613601275,0.536952454,0.540525822,0.433601099,0.592632447,0.637664389,0.625221932,0.605264723,0.623883384,0.619720189,0.614397912,0.690743765,0.6442802,0.332025787
0.530395098,0.701762452,0.84353328,0.623624365,1,0.631693786,0.497676032,0.682140245,0.676789736,0.785879869,0.842510999,0.699007793,0.530656499,0.529407618,0.252258502,0.28824429,0.438028065,0.538044636,0.663775934,0.670179392,0.676819793,0.665751248,0.671512521,0.46186651,0.488457994,0.468238391,0.521899803,0.597950871,0.583418717,0.622745401,0.44780995,0.610517362,0.608362048,0.412424676,0.454801001,0.508572399,0.578299939,0.611676978,0.587190557,0.584396869,0.560266639,0.50408022,0.46012191,0.458533435,0.496474696,0.534121222,0.578439809,0.6183418,0.602761479,0.453231316,0.472699264,0.473896197,0.473947683,0.511248936,0.56974046,0.579267129,0.693442306,0.526283199,0.517943004,0.43890981
0.689071762,0.673522601,0.56656299,0.675229502,0.631693786,1,0.670946301,0.652635383,0.584165354,0.640609089,0.664966329,0.564699227,0.309769985,0.327926213,0.386237791,0.357548966,0.46561085,0.456178178,0.519700709,0.485659523,0.49300439,0.506553911,0.473978454,0.446018394,0.460141951,0.450262462,0.441512383,0.484481556,0.409078072,0.41129308,0.473229007,0.578112243,0.624471489,0.40159715,0.417108247,0.435394754,0.47825523,0.437383659,0.40569612,0.462342212,0.556637947,0.482098028,0.420840089,0.422758382,0.454029277,0.483901875,0.473639739,0.453616249,0.439001667,0.512424738,0.521560039,0.494585953,0.511791452,0.505993343,0.511297667,0.527389056,0.664681647,0.602223366,0.578670688,0.325257707
0.760497534,0.506944813,0.505500993,0.739025992,0.497676032,0.670946301,1,0.733833563,0.707632953,0.671185725,0.590515335,0.363380914,0.193908622,0.267383186,0.351526695,0.401000494,0.49185727,0.596842218,0.64165768,0.621573015,0.442373979,0.567304154,0.330133505,0.389483338,0.482310434,0.518563169,0.567114218,0.664614644,0.510088711,0.436146155,0.369133999,0.418678942,0.495650441,0.509721088,0.527726934,0.597261052,0.679658015,0.53534132,0.427051496,0.503912269,0.462960655,0.551790405,0.630859697,0.611891834,0.668545032,0.688640319,0.655413102,0.553611988,0.545716952,0.45397738,0.67496256,0.70451572,0.70503666,0.699306537,0.657407222,0.618300688,0.545379848,0.711716123,0.695414298,0.397519923
0.675507637,0.609933211,0.71835613,0.702841424,0.682140245,0.652635383,0.733833563,1,0.87899723,0.868525279,0.766090112,0.519894829,0.310463753,0.356962824,0.385310441,0.393119342,0.550995511,0.741081305,0.822738242,0.796749499,0.641353137,0.653801395,0.484656516,0.421770845,0.558864535,0.587099597,0.670118316,0.797351242,0.697921023,0.639754614,0.418949608,0.545383726,0.582400059,0.517253095,0.578189794,0.677169188,0.781916745,0.732190978,0.603878166,0.636541206,0.562279057,0.648971342,0.666182416,0.651149967,0.70751756,0.748030392,0.777768473,0.72250943,0.683043173,0.50229127,0.667658762,0.689876212,0.704707988,0.748867754,0.76848314,0.770984643,0.736841233,0.723555227,0.725872054,0.44686623
0.675955769,0.599825532,0.678651473,0.75307329,0.676789736,0.584165354,0.707632953,0.87899723,1,0.927100728,0.795167465,0.527877655,0.332409298,0.368901513,0.350323242,0.379037055,0.573927108,0.818216398,0.914681241,0.849179679,0.673693975,0.722202552,0.497158661,0.41741398,0.552652812,0.624183066,0.733488179,0.839530246,0.702144037,0.626798818,0.474736447,0.590230642,0.536765065,0.569469163,0.626089121,0.735377411,0.819585835,0.694776705,0.548042011,0.653201637,0.602147608,0.683009803,0.743733317,0.720843491,0.764003658,0.783420337,0.787760274,0.703403051,0.716049475,0.510622889,0.740005251,0.757761901,0.762504864,0.774935228,0.787523274,0.777756924,0.706755619,0.749305983,0.757929851,0.441167605
0.704731442,0.667877712,0.734537876,0.744997942,0.785879869,0.640609089,0.671185725,0.868525279,0.927100728,1,0.927650699,0.666999495,0.434110422,0.451012783,0.290798925,0.345773731,0.52054667,0.746886402,0.923485751,0.874501037,0.777674595,0.76814736,0.629838312,0.426334118,0.548234151,0.569471565,0.678078,0.823484968,0.714785628,0.675122377,0.521527685,0.68767172,0.587559189,0.508509153,0.566961376,0.669243726,0.789096596,0.705471307,0.593851693,0.704958461,0.675691821,0.714037576,0.666985973,0.628507938,0.691164979,0.71983593,0.744973775,0.703468302,0.720425015,0.563681002,0.683379806,0.684634595,0.681928368,0.70012381,0.747816181,0.762644947,0.809138031,0.711353271,0.715212305,0.470421596
0.651901414,0.697116728,0.751002521,0.685733622,0.842510999,0.664966329,0.590515335,0.766090112,0.795167465,0.927650699,1,0.772784924,0.573227876,0.572682065,0.241866311,0.295292911,0.475913716,0.632042913,0.816132674,0.817556744,0.83509115,0.79279013,0.773869476,0.443118153,0.516557947,0.512324649,0.592492393,0.715721458,0.670722396,0.680475078,0.567751302,0.75740703,0.62733805,0.45913357,0.501936015,0.580493257,0.693191377,0.669443899,0.611699407,0.703633504,0.723909572,0.626600324,0.548367771,0.524361949,0.586934195,0.625012662,0.663902012,0.682944711,0.685187859,0.600844279,0.577977429,0.563985349,0.552296602,0.59814562,0.653237563,0.669904907,0.814422609,0.62362483,0.611901325,0.455881395
0.431921463,0.689472168,0.639928283,0.463688255,0.699007793,0.564699227,0.363380914,0.519894829,0.527877655,0.666999495,0.772784924,1,0.71351353,0.601605955,0.198534454,0.209828836,0.352490428,0.448910868,0.599802056,0.600721574,0.690589501,0.690358826,0.797817791,0.307866741,0.327471875,0.374102829,0.454370754,0.548543864,0.543113959,0.562483471,0.594801623,0.700445294,0.448223458,0.340870286,0.371907533,0.437481959,0.515341777,0.533934039,0.510829824,0.623142865,0.680934562,0.425682382,0.358391341,0.373521771,0.415084253,0.468592931,0.482344707,0.518828456,0.539012445,0.571407659,0.43160865,0.386747866,0.380348026,0.43207016,0.470751815,0.491909754,0.650100862,0.418356787,0.401055428,0.331868336
0.190617352,0.400177514,0.481912523,0.242544432,0.530656499,0.309769985,0.193908622,0.310463753,0.332409298,0.434110422,0.573227876,0.71351353,1,0.793321335,0.151754441,0.147542951,0.313094992,0.311969097,0.398006632,0.42040001,0.571536999,0.531096833,0.860472313,0.403788379,0.336069449,0.333838765,0.361316913,0.356508172,0.401617551,0.412348878,0.484058677,0.598253201,0.429724456,0.328407233,0.341446906,0.338723909,0.341324774,0.369526438,0.373055084,0.501083233,0.541497995,0.29025146,0.264447616,0.284298036,0.286000238,0.301805293,0.310951083,0.348481468,0.3676863,0.424069161,0.240785129,0.231943151,0.218119962,0.256453217,0.271799621,0.28182569,0.449878129,0.220930175,0.209047226,0.285262262
0.249889696,0.405514814,0.46365997,0.2922516,0.529407618,0.327926213,0.267383186,0.356962824,0.368901513,0.451012783,0.572682065,0.601605955,0.793321335,1,0.191771086,0.192319095,0.374477667,0.37823286,0.42002575,0.459100344,0.560754449,0.54791706,0.859189236,0.376434314,0.330132103,0.374586386,0.398313092,0.396618231,0.420172391,0.433896159,0.427196107,0.571302666,0.435773269,0.374364498,0.377604316,0.385281532,0.392967848,0.404403508,0.414175009,0.490118292,0.509604211,0.327381229,0.327643397,0.337103304,0.341253691,0.349148442,0.363444908,0.391799176,0.409414871,0.409613076,0.299161447,0.289072601,0.268940539,0.310775946,0.319072171,0.314110892,0.438719745,0.283244602,0.256379671,0.299531512
0.380380668,0.22130266,0.258473522,0.332801857,0.252258502,0.386237791,0.351526695,0.385310441,0.350323242,0.290798925,0.241866311,0.198534454,0.151754441,0.191771086,1,0.434654533,0.485464925,0.391028987,0.26906018,0.226001702,0.176347481,0.178059579,0.170366807,0.351951345,0.424355447,0.448746905,0.37275358,0.284128204,0.222436979,0.197673392,0.162421312,0.201149304,0.383866442,0.445479218,0.426942936,0.386687581,0.29516563,0.256885867,0.233759929,0.221332404,0.196537942,0.335633109,0.372563138,0.410432836,0.359824303,0.334676285,0.288695356,0.247445377,0.209966509,0.209174136,0.360909683,0.361826699,0.365579269,0.336566856,0.275237441,0.268174244,0.265197452,0.341882473,0.300428686,0.184313304
0.381366351,0.236112645,0.286502238,0.353578147,0.28824429,0.357548966,0.401000494,0.393119342,0.379037055,0.345773731,0.295292911,0.209828836,0.147542951,0.192319095,0.434654533,1,0.618265714,0.468866195,0.339795943,0.312231434,0.234279026,0.24199832,0.212470938,0.410240336,0.54657279,0.485328168,0.421117609,0.360740581,0.335566702,0.303053013,0.236438738,0.26546033,0.411243575,0.449992819,0.43512054,0.399385443,0.365390678,0.340416551,0.323234589,0.31471509,0.288796191,0.429026116,0.419196772,0.412152005,0.381064131,0.359615323,0.342168401,0.312473643,0.284838477,0.310592101,0.370956497,0.385689425,0.375545891,0.348515426,0.320856662,0.319712401,0.288136318,0.356931146,0.321290149,0.203660293
0.465591161,0.378347972,0.430784116,0.475139784,0.438028065,0.46561085,0.49185727,0.550995511,0.573927108,0.52054667,0.475913716,0.352490428,0.313094992,0.374477667,0.485464925,0.618265714,1,0.792786971,0.542818572,0.485763809,0.376238769,0.373244705,0.380872163,0.536290508,0.62855458,0.934640823,0.819274345,0.590262521,0.501599753,0.410801951,0.303171423,0.421875442,0.604434936,0.868528589,0.863997252,0.772603603,0.596066044,0.508753694,0.432209355,0.440109445,0.402110982,0.543016622,0.705535112,0.752230751,0.654637278,0.597071729,0.544600217,0.473295209,0.42948712,0.371541332,0.565493409,0.602665051,0.59262501,0.559544022,0.490746709,0.462664832,0.453364479,0.509057637,0.477159953,0.26547758
0.559586776,0.448146524,0.542779287,0.553471336,0.538044636,0.456178178,0.596842218,0.741081305,0.818216398,0.746886402,0.632042913,0.448910868,0.311969097,0.37823286,0.391028987,0.468866195,0.792786971,1,0.839256519,0.749016902,0.545179152,0.564252437,0.432258877,0.448727892,0.599099491,0.84055697,0.929060647,0.854772287,0.711786847,0.591236586,0.406749981,0.507112254,0.533379302,0.763135703,0.820196723,0.908245976,0.838394314,0.713452058,0.573290956,0.63275784,0.539792238,0.657676094,0.860673632,0.866075222,0.836503147,0.81015808,0.7719801,0.67520169,0.634144146,0.490996702,0.742585807,0.764672275,0.772485724,0.772892692,0.72176363,0.698281056,0.585065558,0.639877825,0.660143466,0.402709158
0.626805182,0.535909756,0.629872524,0.65863076,0.663775934,0.519700709,0.64165768,0.822738242,0.914681241,0.923485751,0.816132674,0.599802056,0.398006632,0.42002575,0.26906018,0.339795943,0.542818572,0.839256519,1,0.932856655,0.7615095,0.757782857,0.558051487,0.364147269,0.510419686,0.610877113,0.777704001,0.929084301,0.80287151,0.71399895,0.51207051,0.620277024,0.482898559,0.548109175,0.624434774,0.769307613,0.890853957,0.775725703,0.624326212,0.712082902,0.64952147,0.655366874,0.747615472,0.717602,0.781815971,0.816986075,0.824062124,0.738221018,0.719595537,0.553776162,0.728904349,0.750649879,0.757978426,0.779440129,0.809145863,0.817324159,0.752787212,0.702848773,0.742192869,0.524034094
0.624580067,0.551480254,0.635036873,0.668105737,0.670179392,0.485659523,0.621573015,0.796749499,0.849179679,0.874501037,0.817556744,0.600721574,0.42040001,0.459100344,0.226001702,0.312231434,0.485763809,0.749016902,0.932856655,1,0.83324892,0.805743025,0.588633015,0.328607248,0.458275306,0.556398626,0.711787557,0.912272727,0.895170556,0.838762937,0.477710981,0.600805405,0.442900586,0.509331384,0.583000367,0.722300881,0.894039298,0.850413277,0.702489929,0.664865546,0.610574108,0.590052765,0.705481055,0.68101733,0.775905179,0.824814609,0.870516068,0.825744404,0.782528998,0.522684204,0.665013026,0.719959557,0.72198722,0.77633494,0.831955982,0.827659075,0.735067689,0.693206225,0.704195889,0.466189979
0.478433648,0.532447347,0.596379505,0.558716269,0.676819793,0.49300439,0.442373979,0.641353137,0.673693975,0.777674595,0.83509115,0.690589501,0.571536999,0.560754449,0.176347481,0.234279026,0.376238769,0.545179152,0.7615095,0.83324892,1,0.817482603,0.745526132,0.317005923,0.407334571,0.419201877,0.524707659,0.679690753,0.71186952,0.772173256,0.566429112,0.728325591,0.468144539,0.376071781,0.427619699,0.515901079,0.658692605,0.663787583,0.618354701,0.63747717,0.669989824,0.532058198,0.490907521,0.465287572,0.546832795,0.586122965,0.639611452,0.666647141,0.6679109,0.516972359,0.52168931,0.517014936,0.500764494,0.550944516,0.623735158,0.656175319,0.779142761,0.575933756,0.55067001,0.408927599
0.557284709,0.617326353,0.664159098,0.631062768,0.665751248,0.506553911,0.567304154,0.653801395,0.722202552,0.76814736,0.79279013,0.690358826,0.531096833,0.54791706,0.178059579,0.24199832,0.373244705,0.564252437,0.757782857,0.805743025,0.817482603,1,0.737238325,0.275012637,0.327323523,0.411667186,0.53674992,0.719068412,0.668448772,0.682338349,0.684760206,0.723802972,0.38238884,0.372708617,0.432317156,0.548285033,0.708492472,0.645620396,0.560743804,0.737481091,0.757977926,0.470113006,0.515514339,0.505883725,0.600496145,0.663736801,0.672764486,0.670995667,0.69660809,0.603365284,0.605923523,0.579112247,0.54818252,0.62119386,0.639914746,0.621719296,0.678378104,0.613513983,0.56923982,0.406417925
0.348261929,0.555128654,0.599182757,0.402960601,0.671512521,0.473978454,0.330133505,0.484656516,0.497158661,0.629838312,0.773869476,0.797817791,0.860472313,0.859189236,0.170366807,0.212470938,0.380872163,0.432258877,0.558051487,0.588633015,0.745526132,0.737238325,1,0.423151602,0.397853724,0.395548859,0.44396564,0.502841758,0.526957258,0.56256251,0.639791026,0.820823504,0.533765389,0.375845012,0.399480701,0.427124414,0.487074478,0.509287144,0.509682655,0.661795947,0.749321762,0.454193303,0.369273747,0.368106206,0.400534122,0.428216552,0.455193589,0.498096668,0.522301523,0.580232616,0.392429408,0.356448545,0.330661904,0.387918184,0.418657005,0.430371358,0.641844102,0.3972079,0.360739062,0.34565407
0.364704839,0.341673208,0.38855905,0.37509621,0.46186651,0.446018394,0.389483338,0.421770845,0.41741398,0.426334118,0.443118153,0.307866741,0.403788379,0.376434314,0.351951345,0.410240336,0.536290508,0.448727892,0.364147269,0.328607248,0.317005923,0.275012637,0.423151602,1,0.75916223,0.570198346,0.503725738,0.38209061,0.329725031,0.284508753,0.287583692,0.471279234,0.792394896,0.555069059,0.56292153,0.500859868,0.400159241,0.343418347,0.306290863,0.345226049,0.378951587,0.51559843,0.491468474,0.494748606,0.459735629,0.413194044,0.377305792,0.331584475,0.318922552,0.323243456,0.416858234,0.442286009,0.434090785,0.40159149,0.355321149,0.347774015,0.445664419,0.427994575,0.395674182,0.235376595
0.46284148,0.357991659,0.437463969,0.441357826,0.488457994,0.460141951,0.482310434,0.558864535,0.552652812,0.548234151,0.516557947,0.327471875,0.336069449,0.330132103,0.424355447,0.54657279,0.62855458,0.599099491,0.510419686,0.458275306,0.407334571,0.327323523,0.397853724,0.75916223,1,0.670510775,0.627022933,0.532223831,0.445897483,0.398690269,0.280047595,0.484354609,0.831980004,0.647515614,0.66921184,0.627654124,0.554130156,0.464971956,0.414149726,0.451219937,0.425841793,0.687564157,0.635973798,0.628822304,0.609412637,0.558312992,0.513011943,0.451890392,0.424759822,0.393768813,0.557527767,0.594259006,0.583768353,0.541687708,0.487738256,0.490977828,0.55712554,0.558280063,0.52880233,0.301508271
0.49306622,0.390441253,0.452287652,0.491212558,0.468238391,0.450262462,0.518563169,0.587099597,0.624183066,0.569471565,0.512324649,0.374102829,0.333838765,0.374586386,0.448746905,0.485328168,0.934640823,0.84055697,0.610877113,0.556398626,0.419201877,0.411667186,0.395548859,0.570198346,0.670510775,1,0.918635007,0.688744575,0.57430211,0.466584549,0.312254116,0.448213731,0.638610477,0.930451618,0.964620373,0.895967342,0.701361423,0.580928094,0.474946379,0.478584335,0.428893127,0.591593691,0.807711736,0.867233661,0.781911584,0.714622617,0.636137062,0.544350445,0.495635611,0.398436203,0.654720954,0.705091045,0.696449959,0.664487027,0.571450008,0.537209496,0.507649953,0.575604357,0.548333037,0.291997805
0.523683211,0.43186391,0.51365637,0.536559424,0.521899803,0.441512383,0.567114218,0.670118316,0.733488179,0.678078,0.592492393,0.454370754,0.361316913,0.398313092,0.37275358,0.421117609,0.819274345,0.929060647,0.777704001,0.711787557,0.524707659,0.53674992,0.44396564,0.503725738,0.627022933,0.918635007,1,0.863941341,0.722044805,0.583924594,0.384773174,0.499863407,0.567269575,0.851870882,0.928076179,0.975697213,0.860362755,0.710398475,0.563448994,0.592731289,0.51259964,0.600987762,0.864729685,0.916353041,0.880053411,0.844664106,0.765818319,0.644020578,0.592445474,0.473747817,0.733294187,0.785701679,0.788792033,0.7773647,0.692968108,0.663271474,0.574874864,0.626734687,0.627038888,0.373314152
0.628474173,0.520007072,0.596880989,0.648712073,0.597950871,0.484481556,0.664614644,0.797351242,0.839530246,0.823484968,0.715721458,0.548543864,0.356508172,0.396618231,0.284128204,0.360740581,0.590262521,0.854772287,0.929084301,0.912272727,0.679690753,0.719068412,0.502841758,0.38209061,0.532223831,0.688744575,0.863941341,1,0.85791132,0.738985924,0.451426457,0.557585175,0.48035429,0.635617201,0.727363995,0.872587872,0.984738851,0.844440157,0.669258826,0.692575311,0.598266767,0.619783178,0.817557479,0.822540546,0.892729,0.922627485,0.901288149,0.779674231,0.724629889,0.542415425,0.764213191,0.827986257,0.835947639,0.864133895,0.844844043,0.823113132,0.696819688,0.729525974,0.747247539,0.465425778
0.49805808,0.474830841,0.566758483,0.553977425,0.583418717,0.409078072,0.510088711,0.697921023,0.702144037,0.714785628,0.670722396,0.543113959,0.401617551,0.420172391,0.222436979,0.335566702,0.501599753,0.711786847,0.80287151,0.895170556,0.71186952,0.668448772,0.526957258,0.329725031,0.445897483,0.57430211,0.722044805,0.85791132,1,0.919589584,0.445396654,0.534975129,0.396303548,0.530266551,0.604122386,0.732683855,0.852745806,0.951854446,0.838684337,0.613914461,0.565313123,0.513187066,0.659025171,0.67762077,0.751021709,0.806451346,0.878678341,0.844789939,0.730929488,0.527864453,0.574263082,0.641080552,0.662674017,0.740536803,0.798461079,0.798610224,0.642497254,0.584665996,0.608512485,0.425630516
0.476465134,0.489989462,0.578145502,0.54930995,0.622745401,0.41129308,0.436146155,0.639754614,0.626798818,0.675122377,0.680475078,0.562483471,0.412348878,0.433896159,0.197673392,0.303053013,0.410801951,0.591236586,0.71399895,0.838762937,0.772173256,0.682338349,0.56256251,0.284508753,0.398690269,0.466584549,0.583924594,0.738985924,0.919589584,1,0.475184817,0.558816103,0.382136399,0.422632001,0.489585347,0.590850863,0.739999749,0.882568344,0.85512691,0.602417918,0.580621684,0.460882761,0.541210832,0.543498034,0.622560079,0.677876935,0.769597146,0.791600887,0.677819077,0.530121269,0.500339402,0.541131645,0.54467627,0.622681176,0.706529818,0.723262034,0.643289336,0.535644611,0.542640019,0.383015813
0.386561459,0.443768385,0.415810345,0.394287992,0.44780995,0.473229007,0.369133999,0.418949608,0.474736447,0.521527685,0.567751302,0.594801623,0.484058677,0.427196107,0.162421312,0.236438738,0.303171423,0.406749981,0.51207051,0.477710981,0.566429112,0.684760206,0.639791026,0.287583692,0.280047595,0.312254116,0.384773174,0.451426457,0.445396654,0.475184817,1,0.789531985,0.352911031,0.274689216,0.31342927,0.380077841,0.435047454,0.426511961,0.42572187,0.68532146,0.892767279,0.387576797,0.336674443,0.33801827,0.379542525,0.419852488,0.403676449,0.402837081,0.42147862,0.742996906,0.490744272,0.376784421,0.359371586,0.401201117,0.401955342,0.415682132,0.561633295,0.424793952,0.403276149,0.321515176
0.463951592,0.554377107,0.544956268,0.489545116,0.610517362,0.578112243,0.418678942,0.545383726,0.590230642,0.68767172,0.75740703,0.700445294,0.598253201,0.571302666,0.201149304,0.26546033,0.421875442,0.507112254,0.620277024,0.600805405,0.728325591,0.723802972,0.820823504,0.471279234,0.484354609,0.448213731,0.499863407,0.557585175,0.534975129,0.558816103,0.789531985,1,0.590381098,0.427927048,0.458865418,0.497170301,0.547905615,0.529456471,0.519516995,0.697744782,0.892366168,0.628271864,0.484946074,0.467555951,0.504732682,0.520070452,0.52404905,0.526997294,0.563991172,0.685367366,0.583528403,0.508296208,0.480895756,0.507454789,0.520738932,0.538743073,0.754183862,0.580918693,0.527978757,0.332620429
0.492278477,0.481314636,0.51554811,0.486865533,0.608362048,0.624471489,0.495650441,0.582400059,0.536765065,0.587559189,0.62733805,0.448223458,0.429724456,0.435773269,0.383866442,0.411243575,0.604434936,0.533379302,0.482898559,0.442900586,0.468144539,0.38238884,0.533765389,0.792394896,0.831980004,0.638610477,0.567269575,0.48035429,0.396303548,0.382136399,0.352911031,0.590381098,1,0.64297786,0.636844449,0.570781236,0.502886677,0.439054566,0.417563837,0.481131183,0.510731973,0.709261485,0.610557022,0.591125404,0.560976223,0.509970555,0.491149181,0.458035151,0.452717434,0.449477992,0.577226229,0.588341856,0.572761356,0.525629549,0.4972658,0.501681832,0.67322969,0.629119536,0.578006354,0.336407991
0.462583395,0.345103409,0.396525536,0.447018494,0.412424676,0.40159715,0.509721088,0.517253095,0.569469163,0.508509153,0.45913357,0.340870286,0.328407233,0.374364498,0.445479218,0.449992819,0.868528589,0.763135703,0.548109175,0.509331384,0.376071781,0.372708617,0.375845012,0.555069059,0.647515614,0.930451618,0.851870882,0.635617201,0.530266551,0.422632001,0.274689216,0.427927048,0.64297786,1,0.965072928,0.862464248,0.663815098,0.54309189,0.444924631,0.432114342,0.393320541,0.616959358,0.828658752,0.886877489,0.778889945,0.702275293,0.623188371,0.519764909,0.478065072,0.36903783,0.65973212,0.73037371,0.715697084,0.666881536,0.564032429,0.516921906,0.470673449,0.590166379,0.553361365,0.276155425
0.495156288,0.374157309,0.437892543,0.484977106,0.454801001,0.417108247,0.527726934,0.578189794,0.626089121,0.566961376,0.501936015,0.371907533,0.341446906,0.377604316,0.426942936,0.43512054,0.863997252,0.820196723,0.624434774,0.583000367,0.427619699,0.432317156,0.399480701,0.56292153,0.66921184,0.964620373,0.928076179,0.727363995,0.604122386,0.489585347,0.31342927,0.458865418,0.636844449,0.965072928,1,0.932525241,0.74976777,0.60694478,0.485891932,0.486037217,0.43781576,0.616183095,0.863057365,0.927664517,0.847754434,0.777805363,0.682968761,0.569426536,0.523081582,0.406547376,0.703000664,0.773829514,0.761747249,0.722891212,0.6140683,0.571193943,0.517139793,0.620674174,0.585815563,0.293546162
0.547096545,0.42868683,0.504763234,0.533875709,0.508572399,0.435394754,0.597261052,0.677169188,0.735377411,0.669243726,0.580493257,0.437481959,0.338723909,0.385281532,0.386687581,0.399385443,0.772603603,0.908245976,0.769307613,0.722300881,0.515901079,0.548285033,0.427124414,0.500859868,0.627654124,0.895967342,0.975697213,0.872587872,0.732683855,0.590850863,0.380077841,0.497170301,0.570781236,0.862464248,0.932525241,1,0.889915656,0.741771512,0.582077719,0.596074773,0.516110583,0.628451612,0.902419303,0.962406918,0.940345972,0.910044761,0.826022945,0.694568436,0.632422801,0.485758461,0.783483147,0.841902995,0.851468131,0.856386104,0.751940582,0.708840627,0.589586228,0.686143502,0.687120927,0.38409123
0.639897749,0.516125288,0.580521688,0.650741668,0.578299939,0.47825523,0.679658015,0.781916745,0.819585835,0.789096596,0.693191377,0.515341777,0.341324774,0.392967848,0.29516563,0.365390678,0.596066044,0.838394314,0.890853957,0.894039298,0.658692605,0.708492472,0.487074478,0.400159241,0.554130156,0.701361423,0.860362755,0.984738851,0.852745806,0.739999749,0.435047454,0.547905615,0.502886677,0.663815098,0.74976777,0.889915656,1,0.855585059,0.682813655,0.686058366,0.589845483,0.62541176,0.836557598,0.851327326,0.92755089,0.955159144,0.9298388,0.797655545,0.725465214,0.546597253,0.781810751,0.856900801,0.867439728,0.905424248,0.865193705,0.832318688,0.69033313,0.765778003,0.77951519,0.454939198
0.521263637,0.494814706,0.617248924,0.54330682,0.611676978,0.437383659,0.53534132,0.732190978,0.694776705,0.705471307,0.669443899,0.533934039,0.369526438,0.404403508,0.256885867,0.340416551,0.508753694,0.713452058,0.775725703,0.850413277,0.663787583,0.645620396,0.509287144,0.343418347,0.464971956,0.580928094,0.710398475,0.844440157,0.951854446,0.882568344,0.426511961,0.529456471,0.439054566,0.54309189,0.60694478,0.741771512,0.855585059,1,0.908741793,0.628882728,0.565533849,0.520694189,0.654127231,0.686322981,0.755865447,0.833130243,0.925090038,0.914907085,0.760387128,0.545295997,0.589174982,0.644362912,0.675097635,0.785385122,0.848531657,0.837889513,0.672149042,0.60456333,0.653780924,0.478254836
0.436090635,0.466805073,0.588376637,0.459486944,0.587190557,0.40569612,0.427051496,0.603878166,0.548042011,0.593851693,0.611699407,0.510829824,0.373055084,0.414175009,0.233759929,0.323234589,0.432209355,0.573290956,0.624326212,0.702489929,0.618354701,0.560743804,0.509682655,0.306290863,0.414149726,0.474946379,0.563448994,0.669258826,0.838684337,0.85512691,0.42572187,0.519516995,0.417563837,0.444924631,0.485891932,0.582077719,0.682813655,0.908741793,1,0.575038749,0.542679359,0.460152163,0.516737457,0.533320466,0.588888646,0.651142259,0.769883558,0.817584398,0.657247132,0.526696966,0.48817372,0.503368274,0.517315483,0.620202362,0.706504016,0.715757776,0.611695122,0.492932057,0.537426033,0.424617114
0.458529689,0.55326792,0.618535135,0.470368243,0.584396869,0.462342212,0.503912269,0.636541206,0.653201637,0.704958461,0.703633504,0.623142865,0.501083233,0.490118292,0.221332404,0.31471509,0.440109445,0.63275784,0.712082902,0.664865546,0.63747717,0.737481091,0.661795947,0.345226049,0.451219937,0.478584335,0.592731289,0.692575311,0.613914461,0.602417918,0.68532146,0.697744782,0.481131183,0.432114342,0.486037217,0.596074773,0.686058366,0.628882728,0.575038749,1,0.856075322,0.556413943,0.536248969,0.538076288,0.592120829,0.639684715,0.639181453,0.613130866,0.599698046,0.787193975,0.628425302,0.560973756,0.547776572,0.62196208,0.616035679,0.616311844,0.684218156,0.569501881,0.58997543,0.469070388
0.485524983,0.550215888,0.533579656,0.477674917,0.560266639,0.556637947,0.462960655,0.562279057,0.602147608,0.675691821,0.723909572,0.680934562,0.541497995,0.509604211,0.196537942,0.288796191,0.402110982,0.539792238,0.64952147,0.610574108,0.669989824,0.757977926,0.749321762,0.378951587,0.425841793,0.428893127,0.51259964,0.598266767,0.565313123,0.580621684,0.892767279,0.892366168,0.510731973,0.393320541,0.43781576,0.516110583,0.589845483,0.565533849,0.542679359,0.856075322,1,0.564427147,0.483479937,0.475681841,0.5290769,0.569397629,0.566820384,0.561417962,0.577924862,0.882418138,0.622913844,0.520604016,0.502371662,0.558266862,0.567574256,0.581403814,0.737594916,0.574682775,0.562764435,0.401370079
0.540833126,0.4314334,0.46440939,0.506113108,0.50408022,0.482098028,0.551790405,0.648971342,0.683009803,0.714037576,0.626600324,0.425682382,0.29025146,0.327381229,0.335633109,0.429026116,0.543016622,0.657676094,0.655366874,0.590052765,0.532058198,0.470113006,0.454193303,0.51559843,0.687564157,0.591593691,0.600987762,0.619783178,0.513187066,0.460882761,0.387576797,0.628271864,0.709261485,0.616959358,0.616183095,0.628451612,0.62541176,0.520694189,0.460152163,0.556413943,0.564427147,1,0.777676962,0.690137439,0.691375142,0.627685237,0.613168509,0.545532419,0.609341424,0.472309815,0.779724113,0.761735603,0.731978891,0.659132811,0.623580056,0.623600192,0.67406676,0.769438471,0.698171908,0.329598039
0.597532653,0.401628823,0.450572174,0.553299246,0.46012191,0.420840089,0.630859697,0.666182416,0.743733317,0.666985973,0.548367771,0.358391341,0.264447616,0.327643397,0.372563138,0.419196772,0.705535112,0.860673632,0.747615472,0.705481055,0.490907521,0.515514339,0.369273747,0.491468474,0.635973798,0.807711736,0.864729685,0.817557479,0.659025171,0.541210832,0.336674443,0.484946074,0.610557022,0.828658752,0.863057365,0.902419303,0.836557598,0.654127231,0.516737457,0.536248969,0.483479937,0.777676962,1,0.9615878,0.941791945,0.862276932,0.792314468,0.655988193,0.643053267,0.441005983,0.876462256,0.938554589,0.922487029,0.855639765,0.759641847,0.717127504,0.586217774,0.80329062,0.764993385,0.342721473
0.557545084,0.40461794,0.461340477,0.538760536,0.458533435,0.422758382,0.611891834,0.651149967,0.720843491,0.628507938,0.524361949,0.373521771,0.284298036,0.337103304,0.410432836,0.412152005,0.752230751,0.866075222,0.717602,0.68101733,0.465287572,0.505883725,0.368106206,0.494748606,0.628822304,0.867233661,0.916353041,0.822540546,0.67762077,0.543498034,0.33801827,0.467555951,0.591125404,0.886877489,0.927664517,0.962406918,0.851327326,0.686322981,0.533320466,0.538076288,0.475681841,0.690137439,0.9615878,1,0.960976784,0.901839669,0.81642813,0.672826812,0.634338463,0.449012569,0.843140648,0.914691375,0.914022956,0.880719355,0.764925641,0.711902125,0.56956294,0.763628048,0.740053184,0.346265174
0.620212968,0.455989305,0.49388333,0.59362888,0.496474696,0.454029277,0.668545032,0.70751756,0.764003658,0.691164979,0.586934195,0.415084253,0.286000238,0.341253691,0.359824303,0.381064131,0.654637278,0.836503147,0.781815971,0.775905179,0.546832795,0.600496145,0.400534122,0.459735629,0.609412637,0.781911584,0.880053411,0.892729,0.751021709,0.622560079,0.379542525,0.504732682,0.560976223,0.778889945,0.847754434,0.940345972,0.92755089,0.755865447,0.588888646,0.592120829,0.5290769,0.691375142,0.941791945,0.960976784,1,0.967938742,0.89371812,0.750304573,0.706281845,0.50071147,0.870335471,0.943175566,0.948534056,0.94449514,0.840692575,0.78887184,0.636277821,0.824663093,0.801252275,0.378325571
0.633254009,0.494987071,0.548130315,0.6158499,0.534121222,0.483901875,0.688640319,0.748030392,0.783420337,0.71983593,0.625012662,0.468592931,0.301805293,0.349148442,0.334676285,0.359615323,0.597071729,0.81015808,0.816986075,0.824814609,0.586122965,0.663736801,0.428216552,0.413194044,0.558312992,0.714622617,0.844664106,0.922627485,0.806451346,0.677876935,0.419852488,0.520070452,0.509970555,0.702275293,0.777805363,0.910044761,0.955159144,0.833130243,0.651142259,0.639684715,0.569397629,0.627685237,0.862276932,0.901839669,0.967938742,1,0.951606273,0.826024925,0.755582741,0.553111074,0.828738489,0.89719198,0.918397744,0.970529458,0.899383864,0.849120069,0.677626486,0.805282079,0.815390881,0.442911343
0.608908279,0.520896313,0.595056209,0.613601275,0.578439809,0.473639739,0.655413102,0.777768473,0.787760274,0.744973775,0.663902012,0.482344707,0.310951083,0.363444908,0.288695356,0.342168401,0.544600217,0.7719801,0.824062124,0.870516068,0.639611452,0.672764486,0.455193589,0.377305792,0.513011943,0.636137062,0.765818319,0.901288149,0.878678341,0.769597146,0.403676449,0.52404905,0.491149181,0.623188371,0.682968761,0.826022945,0.9298388,0.925090038,0.769883558,0.639181453,0.566820384,0.613168509,0.792314468,0.81642813,0.89371812,0.951606273,1,0.923658951,0.828065904,0.557063066,0.741849457,0.816351556,0.850612214,0.940579875,0.960628261,0.924730975,0.717231963,0.772542031,0.822961984,0.487218582
0.553800458,0.536521291,0.631839086,0.536952454,0.6183418,0.453616249,0.553611988,0.72250943,0.703403051,0.703468302,0.682944711,0.518828456,0.348481468,0.391799176,0.247445377,0.312473643,0.473295209,0.67520169,0.738221018,0.825744404,0.666647141,0.670995667,0.498096668,0.331584475,0.451890392,0.544350445,0.644020578,0.779674231,0.844789939,0.791600887,0.402837081,0.526997294,0.458035151,0.519764909,0.569426536,0.694568436,0.797655545,0.914907085,0.817584398,0.613130866,0.561417962,0.545532419,0.655988193,0.672826812,0.750304573,0.826024925,0.923658951,1,0.905791613,0.564390401,0.620868998,0.663444707,0.685770205,0.81099016,0.892677329,0.861847235,0.699474493,0.652417331,0.698145999,0.446732377
0.530370624,0.557794394,0.60454539,0.540525822,0.602761479,0.439001667,0.545716952,0.683043173,0.716049475,0.720425015,0.685187859,0.539012445,0.3676863,0.409414871,0.209966509,0.284838477,0.42948712,0.634144146,0.719595537,0.782528998,0.6679109,0.69660809,0.522301523,0.318922552,0.424759822,0.495635611,0.592445474,0.724629889,0.730929488,0.677819077,0.42147862,0.563991172,0.452717434,0.478065072,0.523081582,0.632422801,0.725465214,0.760387128,0.657247132,0.599698046,0.577924862,0.609341424,0.643053267,0.634338463,0.706281845,0.755582741,0.828065904,0.905791613,1,0.567756207,0.654443492,0.667396312,0.667992718,0.753070023,0.843046157,0.813815498,0.700533525,0.671879475,0.683981642,0.398933618
0.486685865,0.505538345,0.459796208,0.433601099,0.453231316,0.512424738,0.45397738,0.50229127,0.510622889,0.563681002,0.600844279,0.571407659,0.424069161,0.409613076,0.209174136,0.310592101,0.371541332,0.490996702,0.553776162,0.522684204,0.516972359,0.603365284,0.580232616,0.323243456,0.393768813,0.398436203,0.473747817,0.542415425,0.527864453,0.530121269,0.742996906,0.685367366,0.449477992,0.36903783,0.406547376,0.485758461,0.546597253,0.545295997,0.526696966,0.787193975,0.882418138,0.472309815,0.441005983,0.449012569,0.50071147,0.553111074,0.557063066,0.564390401,0.567756207,1,0.5729207,0.48142621,0.475555743,0.552282548,0.574418087,0.585875039,0.661875682,0.513837877,0.539677817,0.399529565
0.631210546,0.473904761,0.464578491,0.592632447,0.472699264,0.521560039,0.67496256,0.667658762,0.740005251,0.683379806,0.577977429,0.43160865,0.240785129,0.299161447,0.360909683,0.370956497,0.565493409,0.742585807,0.728904349,0.665013026,0.52168931,0.605923523,0.392429408,0.416858234,0.557527767,0.654720954,0.733294187,0.764213191,0.574263082,0.500339402,0.490744272,0.583528403,0.577226229,0.65973212,0.703000664,0.783483147,0.781810751,0.589174982,0.48817372,0.628425302,0.622913844,0.779724113,0.876462256,0.843140648,0.870335471,0.828738489,0.741849457,0.620868998,0.654443492,0.5729207,1,0.948267213,0.912498891,0.857976492,0.7543869,0.72350374,0.668188201,0.900199612,0.829778267,0.368415438
0.655390888,0.457902863,0.468129005,0.637664389,0.473896197,0.494585953,0.70451572,0.689876212,0.757761901,0.684634595,0.563985349,0.386747866,0.231943151,0.289072601,0.361826699,0.385689425,0.602665051,0.764672275,0.750649879,0.719959557,0.517014936,0.579112247,0.356448545,0.442286009,0.594259006,0.705091045,0.785701679,0.827986257,0.641080552,0.541131645,0.376784421,0.508296208,0.588341856,0.73037371,0.773829514,0.841902995,0.856900801,0.644362912,0.503368274,0.560973756,0.520604016,0.761735603,0.938554589,0.914691375,0.943175566,0.89719198,0.816351556,0.663444707,0.667396312,0.48142621,0.948267213,1,0.977164455,0.913913409,0.81236508,0.768805529,0.64756465,0.919807468,0.862018544,0.365409737
0.655471364,0.469210324,0.469690556,0.625221932,0.473947683,0.511791452,0.70503666,0.704707988,0.762504864,0.681928368,0.552296602,0.380348026,0.218119962,0.268940539,0.365579269,0.375545891,0.59262501,0.772485724,0.757978426,0.72198722,0.500764494,0.54818252,0.330661904,0.434090785,0.583768353,0.696449959,0.788792033,0.835947639,0.662674017,0.54467627,0.359371586,0.480895756,0.572761356,0.715697084,0.761747249,0.851468131,0.867439728,0.675097635,0.517315483,0.547776572,0.502371662,0.731978891,0.922487029,0.914022956,0.948534056,0.918397744,0.850612214,0.685770205,0.667992718,0.475555743,0.912498891,0.977164455,1,0.946707803,0.855280062,0.815187734,0.659768536,0.909239416,0.896612017,0.396439998
0.639982454,0.514194667,0.538823205,0.605264723,0.511248936,0.505993343,0.699306537,0.748867754,0.774935228,0.70012381,0.59814562,0.43207016,0.256453217,0.310775946,0.336566856,0.348515426,0.559544022,0.772892692,0.779440129,0.77633494,0.550944516,0.62119386,0.387918184,0.40159149,0.541687708,0.664487027,0.7773647,0.864133895,0.740536803,0.622681176,0.401201117,0.507454789,0.525629549,0.666881536,0.722891212,0.856386104,0.905424248,0.785385122,0.620202362,0.62196208,0.558266862,0.659132811,0.855639765,0.880719355,0.94449514,0.970529458,0.940579875,0.81099016,0.753070023,0.552282548,0.857976492,0.913913409,0.946707803,1,0.932915156,0.885899286,0.697879951,0.866704418,0.902070327,0.454507984
0.630187389,0.549577834,0.576812426,0.623883384,0.56974046,0.511297667,0.657407222,0.76848314,0.787523274,0.747816181,0.653237563,0.470751815,0.271799621,0.319072171,0.275237441,0.320856662,0.490746709,0.72176363,0.809145863,0.831955982,0.623735158,0.639914746,0.418657005,0.355321149,0.487738256,0.571450008,0.692968108,0.844844043,0.798461079,0.706529818,0.401955342,0.520738932,0.4972658,0.564032429,0.6140683,0.751940582,0.865193705,0.848531657,0.706504016,0.616035679,0.567574256,0.623580056,0.759641847,0.764925641,0.840692575,0.899383864,0.960628261,0.892677329,0.843046157,0.574418087,0.7543869,0.81236508,0.855280062,0.932915156,1,0.981857629,0.772399822,0.812143326,0.900341165,0.516800237
0.614650039,0.550827713,0.572792248,0.619720189,0.579267129,0.527389056,0.618300688,0.770984643,0.777756924,0.762644947,0.669904907,0.491909754,0.28182569,0.314110892,0.268174244,0.319712401,0.462664832,0.698281056,0.817324159,0.827659075,0.656175319,0.621719296,0.430371358,0.347774015,0.490977828,0.537209496,0.663271474,0.823113132,0.798610224,0.723262034,0.415682132,0.538743073,0.501681832,0.516921906,0.571193943,0.708840627,0.832318688,0.837889513,0.715757776,0.616311844,0.581403814,0.623600192,0.717127504,0.711902125,0.78887184,0.849120069,0.924730975,0.861847235,0.813815498,0.585875039,0.72350374,0.768805529,0.815187734,0.885899286,0.981857629,1,0.817536387,0.787956699,0.891343752,0.540208659
