1,0.867405672,0.770066546,0.720003392,0.755657139,0.51641802,0.587884921,0.630960074,0.709782226,0.711061529,0.707882992,0.674133575,0.534465069,0.495872475,0.378076679,0.468200999,0.553726658,0.58997811,0.609032739,0.602310404,0.550197136,0.435278536,0.337381292,0.328554401,0.340124107,0.468017088,0.494920643,0.503175152,0.506581634,0.452354252,0.275700504,0.290430139,0.288080691,0.332060602,0.39605059,0.395128352,0.395302493,0.394258357,0.370951963,0.239654247,0.297563225,0.281832463,0.301826656,0.343105622,0.341014657,0.339962742,0.306042483,0.287620551,0.253048507,0.232582106,0.205452346,0.257111193,0.258384049,0.266092733,0.234615179,0.206904935,0.166059547,0.191873808,0.198318014,0.157876992
0.867405672,1,0.849264637,0.716694215,0.85720053,0.450932786,0.588785762,0.663540162,0.759479193,0.788625445,0.800261722,0.755541091,0.647347734,0.574537232,0.353157559,0.470488586,0.580500108,0.645333276,0.676315071,0.674870404,0.627839868,0.531666922,0.382964101,0.342620936,0.35858251,0.502340682,0.538492089,0.555998462,0.565518035,0.492870729,0.279750988,0.351190835,0.306823574,0.363238034,0.438912973,0.443870751,0.450288949,0.4552706,0.434207494,0.29160405,0.36575988,0.331909124,0.353162728,0.398104423,0.402930652,0.403370909,0.36825358,0.351753225,0.300760514,0.252525859,0.269541827,0.32384857,0.324890977,0.332890546,0.28846485,0.2594201,0.188649464,0.255908895,0.256635135,0.197588959
0.770066546,0.849264637,1,0.605984698,0.837457897,0.333269887,0.452812237,0.530259168,0.622880454,0.663756194,0.697304101,0.705973695,0.607524627,0.580029289,0.267005753,0.3522781,0.450557285,0.516247114,0.558232298,0.584794056,0.580817114,0.489534089,0.409735167,0.248913572,0.270026934,0.381758916,0.413900316,0.434878272,0.46481628,0.452766648,0.307923633,0.356221187,0.227724578,0.270088037,0.3270817,0.334881045,0.337710371,0.354323656,0.354381123,0.277752249,0.339861063,0.239089678,0.253659715,0.292029098,0.290037494,0.290871783,0.281465231,0.287958848,0.28071394,0.27064272,0.191755679,0.226931874,0.229573809,0.239877376,0.243091133,0.233800044,0.194350327,0.191824812,0.195165456,0.173614036
0.720003392,0.716694215,0.605984698,1,0.654067645,0.628097329,0.776251719,0.825548175,0.86551429,0.825233164,0.770463951,0.730431726,0.608799209,0.54728343,0.455769094,0.6866166,0.771225865,0.771694045,0.759059681,0.718075241,0.631245137,0.560072113,0.339025832,0.517637744,0.562619695,0.685774442,0.697367291,0.682652692,0.64287539,0.502585062,0.280984596,0.290098328,0.49948163,0.54882767,0.605993326,0.591000183,0.573596825,0.526582719,0.484335587,0.354527491,0.390476676,0.386777714,0.464694519,0.52046008,0.49785233,0.469145007,0.417901916,0.38953334,0.323855522,0.264713218,0.259239845,0.346941724,0.354791943,0.34785796,0.315957436,0.277399029,0.203008302,0.205438781,0.233347366,0.203137007
0.755657139,0.85720053,0.837457897,0.654067645,1,0.337327972,0.505833411,0.60745522,0.719847842,0.780312001,0.806655933,0.803286467,0.752756666,0.708724393,0.269681129,0.390111088,0.52668931,0.618333364,0.675557455,0.689386299,0.663439312,0.634560373,0.48780316,0.271764697,0.305169022,0.454375623,0.514083371,0.554798888,0.568939748,0.501945787,0.310600375,0.424135855,0.268664543,0.317209495,0.395666082,0.41585966,0.434142903,0.462430915,0.460785884,0.336717805,0.41481296,0.30979789,0.31442823,0.361088704,0.368266639,0.38413945,0.37392997,0.37896232,0.345849605,0.300778065,0.236033812,0.281175959,0.280554288,0.306166427,0.309750691,0.287374349,0.207434528,0.221922495,0.230640936,0.197773668
0.51641802,0.450932786,0.333269887,0.628097329,0.337327972,1,0.788330281,0.684037008,0.59837806,0.499066072,0.431295996,0.373604423,0.288795384,0.241915057,0.794379782,0.721664045,0.655345877,0.551343013,0.476675055,0.412915899,0.325192664,0.269594536,0.173318117,0.680508635,0.59146591,0.599702931,0.537493334,0.480568959,0.400321886,0.306010326,0.216965637,0.148367684,0.545330434,0.550937298,0.551037144,0.470702633,0.432326992,0.35148583,0.299215916,0.216925692,0.25498348,0.388145549,0.456486894,0.475718755,0.430400346,0.380664299,0.310955273,0.256302058,0.193419326,0.163377508,0.280043088,0.369291023,0.379900079,0.320204124,0.231734591,0.193561669,0.154813872,0.240442771,0.257619608,0.186376469
0.587884921,0.588785762,0.452812237,0.776251719,0.505833411,0.788330281,1,0.955354909,0.859856356,0.76390998,0.66185983,0.58518082,0.551023567,0.392132642,0.689102516,0.877697203,0.914115124,0.825155627,0.750133326,0.644415515,0.517718031,0.507859555,0.290851948,0.741919516,0.723430187,0.82648078,0.78955817,0.736531228,0.623979811,0.442282324,0.27251422,0.309307388,0.616525355,0.688949024,0.750668616,0.690275982,0.654536875,0.563285503,0.49180774,0.385835994,0.433071747,0.50946171,0.610211565,0.665304715,0.615227898,0.575772863,0.51117829,0.440758489,0.380150645,0.327119339,0.371566468,0.482858331,0.494738957,0.461218582,0.403118709,0.358828565,0.266879594,0.286334666,0.327180911,0.275919762
0.630960074,0.663540162,0.530259168,0.825548175,0.60745522,0.684037008,0.955354909,1,0.953760891,0.885080872,0.791941052,0.715293462,0.666494127,0.495553508,0.568488439,0.845499276,0.953081926,0.923565221,0.873644913,0.777946874,0.645171616,0.614007214,0.347792965,0.671276375,0.705097406,0.860367797,0.864757761,0.835396311,0.738473412,0.536508978,0.306224067,0.357286441,0.597626651,0.681854756,0.771500165,0.74759532,0.723948717,0.647398281,0.576160352,0.440939743,0.472367587,0.493923795,0.59999969,0.674535891,0.640088078,0.613075375,0.557192455,0.502276337,0.434548788,0.357265848,0.349727248,0.462058815,0.473846088,0.471221911,0.433036209,0.386761612,0.273063021,0.265937897,0.308076123,0.273746907
0.709782226,0.759479193,0.622880454,0.86551429,0.719847842,0.59837806,0.859856356,0.953760891,1,0.97434411,0.912592921,0.843542846,0.738344524,0.605559277,0.466136371,0.761709684,0.910524901,0.950110814,0.942866366,0.881614048,0.758977489,0.675335935,0.388124565,0.572046334,0.628728057,0.819170688,0.864996912,0.86635123,0.811268464,0.617647898,0.323205671,0.368234332,0.536767692,0.620689594,0.727020718,0.739433116,0.733883835,0.688444737,0.626931434,0.445397532,0.471386559,0.461671796,0.551901531,0.633091263,0.624320761,0.611883234,0.560577271,0.521434651,0.434292836,0.333313109,0.323615354,0.429176739,0.43624564,0.457901987,0.421543504,0.368159061,0.243941154,0.253760794,0.287718108,0.249091276
0.711061529,0.788625445,0.663756194,0.825233164,0.780312001,0.499066072,0.76390998,0.885080872,0.97434411,1,0.969289471,0.911344301,0.794744666,0.656800326,0.391447137,0.673524388,0.844309883,0.932519226,0.961955452,0.930659779,0.830099854,0.719060715,0.421076246,0.490650267,0.558200719,0.761487723,0.836915645,0.86130064,0.840208928,0.662118852,0.340226158,0.405018646,0.47812901,0.560304589,0.67473586,0.715379534,0.722228704,0.708188072,0.656622481,0.457672424,0.476145699,0.442788942,0.511504504,0.59324004,0.600680921,0.605365704,0.568564826,0.5457119,0.461525735,0.345375581,0.315593833,0.408020115,0.412231886,0.457597164,0.434621746,0.381887807,0.251504253,0.257511811,0.290659992,0.2578268
0.707882992,0.800261722,0.697304101,0.770463951,0.806655933,0.431295996,0.66185983,0.791941052,0.912592921,0.969289471,1,0.957155508,0.800912152,0.694754611,0.336990331,0.579985815,0.750292602,0.868457425,0.927632869,0.943347596,0.879841889,0.729554511,0.431972833,0.413519106,0.480210127,0.678055381,0.764536556,0.810703432,0.833399993,0.704503786,0.371041079,0.402316798,0.417199067,0.489240796,0.599820285,0.655181205,0.676413184,0.695546453,0.662898213,0.452855722,0.459749662,0.395719017,0.450115251,0.531092099,0.555147695,0.570290859,0.542956032,0.540638961,0.453933526,0.332696185,0.286036083,0.369261802,0.370348604,0.436404251,0.416178793,0.364031111,0.23691548,0.249713177,0.276997052,0.240879721
0.674133575,0.755541091,0.705973695,0.730431726,0.803286467,0.373604423,0.58518082,0.715293462,0.843542846,0.911344301,0.957155508,1,0.826180457,0.765084526,0.295907021,0.514389178,0.673622329,0.792508232,0.867686401,0.917432525,0.894750951,0.76518838,0.476615843,0.358356154,0.427675811,0.605214032,0.692107158,0.747118453,0.797237385,0.70128094,0.383402561,0.420443446,0.370480709,0.434307256,0.533249188,0.589051112,0.61410035,0.648755464,0.643409091,0.45902994,0.475987935,0.33943579,0.391536586,0.466756791,0.489223232,0.50717263,0.496373028,0.513056274,0.444916384,0.34400219,0.245870462,0.318410108,0.319420641,0.380366107,0.389654544,0.345196344,0.23272924,0.222095322,0.248522635,0.221678772
0.534465069,0.647347734,0.607524627,0.608799209,0.752756666,0.288795384,0.551023567,0.666494127,0.738344524,0.794744666,0.800912152,0.826180457,1,0.843318897,0.253913555,0.456548728,0.61759023,0.700508474,0.758381881,0.7604551,0.759552942,0.915916284,0.676718299,0.350161559,0.404480454,0.561914757,0.624586478,0.67764192,0.677960715,0.569896602,0.381695556,0.623333881,0.352060017,0.425637668,0.515803556,0.549411269,0.577279032,0.614249155,0.619421533,0.568330359,0.613491269,0.376487073,0.419575865,0.488254739,0.495117057,0.517070824,0.536437068,0.559428621,0.566958598,0.489250111,0.289486121,0.353138194,0.352338439,0.407360089,0.470321631,0.45150339,0.311619673,0.245546288,0.271305595,0.269740947
0.495872475,0.574537232,0.580029289,0.54728343,0.708724393,0.241915057,0.392132642,0.495553508,0.605559277,0.656800326,0.694754611,0.765084526,0.843318897,1,0.187979266,0.338659525,0.461023409,0.544548506,0.603655136,0.647580307,0.675636189,0.833181434,0.708293568,0.257777192,0.306827672,0.4236348,0.475427444,0.534072849,0.56036493,0.508773613,0.354927881,0.519126642,0.288317057,0.324247867,0.383822247,0.407724914,0.442800904,0.483702826,0.51269476,0.472222523,0.537026873,0.267469184,0.299020043,0.349661462,0.366206738,0.378365705,0.38586067,0.419094117,0.387281575,0.342800919,0.201872217,0.249252141,0.245168611,0.275857842,0.314372362,0.297947534,0.207159311,0.189449758,0.19012613,0.17514454
0.378076679,0.353157559,0.267005753,0.455769094,0.269681129,0.794379782,0.689102516,0.568488439,0.466136371,0.391447137,0.336990331,0.295907021,0.253913555,0.187979266,1,0.602221178,0.536771406,0.442260528,0.385432998,0.327813932,0.270363309,0.231784859,0.172019628,0.662787761,0.491920135,0.493533648,0.448430297,0.40315671,0.324715157,0.260379735,0.223758883,0.193282827,0.47700796,0.468603256,0.476644169,0.40660075,0.377922831,0.315622284,0.269023972,0.227591485,0.242622308,0.394041494,0.428203915,0.438466986,0.401183814,0.367264555,0.311163915,0.253398599,0.214045214,0.201864448,0.322411607,0.391074135,0.398657926,0.341711827,0.257638952,0.232188425,0.208489883,0.294886694,0.314687374,0.233996504
0.468200999,0.470488586,0.3522781,0.6866166,0.390111088,0.721664045,0.877697203,0.845499276,0.761709684,0.673524388,0.579985815,0.514389178,0.456548728,0.338659525,0.602221178,1,0.927674141,0.807307238,0.713137231,0.626377468,0.524095552,0.453221302,0.214587263,0.875200589,0.917310615,0.923141109,0.83702398,0.751770407,0.664045981,0.509392345,0.280432593,0.253508609,0.757890128,0.8426704,0.865095398,0.787933413,0.733223736,0.61931176,0.543141127,0.371371122,0.418990866,0.554193374,0.702717669,0.756952238,0.703771181,0.64662928,0.561671597,0.478713499,0.381012215,0.283237689,0.398940364,0.53501352,0.550120831,0.521956494,0.418013014,0.346048883,0.245117614,0.303660107,0.360003185,0.289083156
0.553726658,0.580500108,0.450557285,0.771225865,0.52668931,0.655345877,0.914115124,0.953081926,0.910524901,0.844309883,0.750292602,0.673622329,0.61759023,0.461023409,0.536771406,0.927674141,1,0.952255939,0.885211446,0.79195736,0.665527021,0.598306114,0.300726724,0.753157244,0.827987302,0.960577341,0.945636477,0.895359,0.801213882,0.596923965,0.314644778,0.337923672,0.691343944,0.793996418,0.880706281,0.857170699,0.824524674,0.72999295,0.641739285,0.453798341,0.484406863,0.549130859,0.684361539,0.769303768,0.739281693,0.706821067,0.637094391,0.565657974,0.469847514,0.35166022,0.385076451,0.52003269,0.532180228,0.548162949,0.482000499,0.41306399,0.278135099,0.291413526,0.347760853,0.302588965
0.58997811,0.645333276,0.516247114,0.771694045,0.618333364,0.551343013,0.825155627,0.923565221,0.950110814,0.932519226,0.868457425,0.792508232,0.700508474,0.544548506,0.442260528,0.807307238,0.952255939,1,0.975897483,0.911395459,0.784781431,0.674917379,0.343037692,0.621337479,0.713099125,0.909847261,0.963148731,0.957117819,0.893265591,0.678813674,0.338571173,0.363777767,0.613693303,0.710545559,0.830841159,0.863033564,0.854518098,0.795440835,0.707574913,0.489650691,0.473684737,0.523913153,0.632576678,0.729746597,0.730883895,0.722168222,0.662523666,0.610849048,0.504952155,0.355921289,0.363562478,0.488929544,0.497055367,0.551610158,0.499284053,0.427864566,0.274863231,0.284555619,0.335588358,0.297600883
0.609032739,0.676315071,0.558232298,0.759059681,0.675557455,0.476675055,0.750133326,0.873644913,0.942866366,0.961955452,0.927632869,0.867686401,0.758381881,0.603655136,0.385432998,0.713137231,0.885211446,0.975897483,1,0.966110059,0.860152325,0.719950754,0.38488063,0.526190096,0.616895547,0.830755502,0.919623052,0.946707794,0.924700987,0.730546477,0.365871968,0.396149296,0.526863746,0.620447378,0.751056826,0.816294632,0.828910894,0.811102242,0.741202907,0.507444501,0.489842178,0.468121067,0.559753555,0.660631478,0.682826127,0.695865457,0.660087841,0.632656017,0.532622015,0.374173019,0.329963944,0.440326621,0.444846773,0.529002395,0.506132929,0.436247961,0.279847122,0.269103652,0.320536465,0.293348489
0.602310404,0.674870404,0.584794056,0.718075241,0.689386299,0.412915899,0.644415515,0.777946874,0.881614048,0.930659779,0.943347596,0.917432525,0.7604551,0.647580307,0.327813932,0.626377468,0.79195736,0.911395459,0.966110059,1,0.946722314,0.733693134,0.395042492,0.448027333,0.544126201,0.748628564,0.850931208,0.90409017,0.950287019,0.824487745,0.435766944,0.39477879,0.465639262,0.552477103,0.678332017,0.762093024,0.793182693,0.817711855,0.781464068,0.523675575,0.49624571,0.408272981,0.495541139,0.596389105,0.638218571,0.664979273,0.646020485,0.647268406,0.537749895,0.371470833,0.293665639,0.396606555,0.398937448,0.507553491,0.495285665,0.426710761,0.273294964,0.254199903,0.30641523,0.281496626
0.550197136,0.627839868,0.580817114,0.631245137,0.663439312,0.325192664,0.517718031,0.645171616,0.758977489,0.830099854,0.879841889,0.894750951,0.759552942,0.675636189,0.270363309,0.524095552,0.665527021,0.784781431,0.860152325,0.946722314,1,0.750290903,0.409343842,0.365785453,0.464679212,0.635336259,0.726733935,0.787369984,0.906252625,0.898798767,0.536475258,0.42928996,0.383210741,0.467644749,0.575535621,0.663007863,0.7058057,0.774967525,0.788362074,0.529872361,0.537641292,0.335043999,0.414611733,0.508261517,0.561401396,0.602125047,0.610781683,0.643599927,0.543903606,0.383915513,0.255018731,0.339838234,0.339700615,0.472094376,0.479271914,0.418554193,0.276340393,0.236060199,0.287365661,0.274603982
0.435278536,0.531666922,0.489534089,0.560072113,0.634560373,0.269594536,0.507859555,0.614007214,0.675335935,0.719060715,0.729554511,0.76518838,0.915916284,0.833181434,0.231784859,0.453221302,0.598306114,0.674917379,0.719950754,0.733693134,0.750290903,1,0.662168396,0.350926723,0.424163558,0.56816567,0.62545126,0.681637546,0.688330551,0.594263564,0.411723523,0.590074986,0.384320828,0.445592403,0.532827983,0.567172392,0.60544204,0.645910531,0.661453111,0.640277388,0.634042783,0.362796976,0.419071337,0.498422828,0.519034409,0.545462151,0.56518665,0.596942939,0.58566983,0.481976156,0.261403858,0.339157326,0.338213537,0.42513496,0.489112721,0.464666393,0.304336699,0.222520718,0.264867945,0.266686311
0.337381292,0.382964101,0.409735167,0.339025832,0.48780316,0.173318117,0.290851948,0.347792965,0.388124565,0.421076246,0.431972833,0.476615843,0.676718299,0.708293568,0.172019628,0.214587263,0.300726724,0.343037692,0.38488063,0.395042492,0.409343842,0.662168396,1,0.18439901,0.197497016,0.263917445,0.303574321,0.350390161,0.343997086,0.327159594,0.387367193,0.635236382,0.188938888,0.209319936,0.246016707,0.265652522,0.290078786,0.329027901,0.346904421,0.459070158,0.484305807,0.194818968,0.209496311,0.240309161,0.246979631,0.265882769,0.298182834,0.32993829,0.379804905,0.381313935,0.167088172,0.18846061,0.183106157,0.207279906,0.280319483,0.29731973,0.223299714,0.159288931,0.157423654,0.165893562
0.328554401,0.342620936,0.248913572,0.517637744,0.271764697,0.680508635,0.741919516,0.671276375,0.572046334,0.490650267,0.413519106,0.358356154,0.350161559,0.257777192,0.662787761,0.875200589,0.753157244,0.621337479,0.526190096,0.448027333,0.365785453,0.350926723,0.18439901,1,0.897118445,0.796966531,0.681504352,0.592160683,0.496255127,0.375454459,0.232415517,0.234777512,0.819754306,0.853540326,0.805117862,0.690183559,0.624986127,0.506811583,0.442085976,0.341911276,0.364993597,0.648894655,0.745631537,0.750377727,0.671271207,0.588629752,0.499895012,0.41582752,0.341666462,0.27067914,0.490414405,0.607310274,0.623623994,0.516748783,0.391250742,0.333404153,0.256604928,0.384957842,0.414888988,0.31574281
0.340124107,0.35858251,0.270026934,0.562619695,0.305169022,0.59146591,0.723430187,0.705097406,0.628728057,0.558200719,0.480210127,0.427675811,0.404480454,0.306827672,0.491920135,0.917310615,0.827987302,0.713099125,0.616895547,0.544126201,0.464679212,0.424163558,0.197497016,0.897118445,1,0.903739157,0.785600616,0.690821556,0.602432799,0.466975073,0.27367993,0.247469941,0.876708149,0.945436051,0.89955112,0.793214324,0.721082051,0.593872974,0.514785585,0.369465981,0.394545822,0.632000408,0.784860541,0.813218456,0.732049612,0.650463449,0.556817351,0.470687295,0.38317039,0.274462051,0.448372392,0.587034791,0.603458696,0.537565486,0.413976169,0.342955495,0.237407966,0.331940424,0.372132575,0.290042346
0.468017088,0.502340682,0.381758916,0.685774442,0.454375623,0.599702931,0.82648078,0.860367797,0.819170688,0.761487723,0.678055381,0.605214032,0.561914757,0.4236348,0.493533648,0.923141109,0.960577341,0.909847261,0.830755502,0.748628564,0.635336259,0.56816567,0.263917445,0.796966531,0.903739157,1,0.959206283,0.896095833,0.79856146,0.603555924,0.314300186,0.321496238,0.784009416,0.894094698,0.962231637,0.92795923,0.883496035,0.770335592,0.665636136,0.459859386,0.471248113,0.630470349,0.78262265,0.865860564,0.832241117,0.784553397,0.694735701,0.60529106,0.492210904,0.343728031,0.446790822,0.602830588,0.615316885,0.62714724,0.52184855,0.437465777,0.28343028,0.344303988,0.401205364,0.330841612
0.494920643,0.538492089,0.413900316,0.697367291,0.514083371,0.537493334,0.78955817,0.864757761,0.864996912,0.836915645,0.764536556,0.692107158,0.624586478,0.475427444,0.448430297,0.83702398,0.945636477,0.963148731,0.919623052,0.850931208,0.726733935,0.62545126,0.303574321,0.681504352,0.785600616,0.959206283,1,0.97658703,0.89470247,0.679686126,0.345551846,0.353516745,0.691600467,0.798255609,0.916907754,0.950459394,0.935587758,0.853103566,0.744002563,0.505944856,0.483470916,0.587555883,0.719652867,0.82414129,0.829908575,0.816554947,0.747146284,0.672607816,0.552430614,0.376495832,0.41391604,0.563189314,0.572612881,0.641495171,0.570265087,0.481328591,0.308379432,0.327469218,0.400519071,0.351329147
0.503175152,0.555998462,0.434878272,0.682652692,0.554798888,0.480568959,0.736531228,0.835396311,0.86635123,0.86130064,0.810703432,0.747118453,0.67764192,0.534072849,0.40315671,0.751770407,0.895359,0.957117819,0.946707794,0.90409017,0.787369984,0.681637546,0.350390161,0.592160683,0.690821556,0.896095833,0.97658703,1,0.944482814,0.736257492,0.381419109,0.380782921,0.614719452,0.716482434,0.856377525,0.925480929,0.942954396,0.902054598,0.808743915,0.56403682,0.506531462,0.537450211,0.66025616,0.776423794,0.811480766,0.825007987,0.778285087,0.727362423,0.602306962,0.40607952,0.382969745,0.527318957,0.532847846,0.643994708,0.603599252,0.514928471,0.324832763,0.314033596,0.393578722,0.357028675
0.506581634,0.565518035,0.46481628,0.64287539,0.568939748,0.400321886,0.623979811,0.738473412,0.811268464,0.840208928,0.833399993,0.797237385,0.677960715,0.56036493,0.324715157,0.664045981,0.801213882,0.893265591,0.924700987,0.950287019,0.906252625,0.688330551,0.343997086,0.496255127,0.602432799,0.79856146,0.89470247,0.944482814,1,0.888000607,0.476120464,0.388511385,0.510508967,0.619549807,0.758474641,0.856987064,0.901325139,0.929160593,0.891689869,0.59196068,0.543963356,0.448469035,0.569373188,0.686771879,0.752382003,0.793807019,0.784451514,0.776326287,0.636332228,0.4229903,0.340407246,0.469545002,0.47197446,0.631986306,0.616641463,0.525585194,0.337891757,0.299127426,0.387969043,0.364936635
0.452354252,0.492870729,0.452766648,0.502585062,0.501945787,0.306010326,0.442282324,0.536508978,0.617647898,0.662118852,0.704503786,0.70128094,0.569896602,0.508773613,0.260379735,0.509392345,0.596923965,0.678813674,0.730546477,0.824487745,0.898798767,0.594263564,0.327159594,0.375454459,0.466975073,0.603555924,0.679686126,0.736257492,0.888000607,1,0.69934946,0.371357457,0.375225747,0.469609559,0.576629771,0.66995523,0.731141465,0.824861375,0.878256075,0.574114617,0.546235107,0.310740614,0.419171882,0.521835288,0.604069327,0.66413741,0.692119774,0.733454273,0.601251657,0.403785164,0.256763088,0.360172635,0.361035358,0.553160128,0.553843203,0.47363725,0.317379925,0.253614276,0.350513824,0.333942838
0.275700504,0.279750988,0.307923633,0.280984596,0.310600375,0.216965637,0.27251422,0.306224067,0.323205671,0.340226158,0.371041079,0.383402561,0.381695556,0.354927881,0.223758883,0.280432593,0.314644778,0.338571173,0.365871968,0.435766944,0.536475258,0.411723523,0.387367193,0.232415517,0.27367993,0.314300186,0.345551846,0.381419109,0.476120464,0.69934946,1,0.323946689,0.244635084,0.271553812,0.307696997,0.339025659,0.378423984,0.449753717,0.54046105,0.472012016,0.429941405,0.176230627,0.234852587,0.283085756,0.316703749,0.353285551,0.393040661,0.4448249,0.419162082,0.34320495,0.149205363,0.200157985,0.204161879,0.308912002,0.338001402,0.3200269,0.238795396,0.152145686,0.217910253,0.216394243
0.290430139,0.351190835,0.356221187,0.290098328,0.424135855,0.148367684,0.309307388,0.357286441,0.368234332,0.405018646,0.402316798,0.420443446,0.623333881,0.519126642,0.193282827,0.253508609,0.337923672,0.363777767,0.396149296,0.39477879,0.42928996,0.590074986,0.635236382,0.234777512,0.247469941,0.321496238,0.353516745,0.380782921,0.388511385,0.371357457,0.323946689,1,0.213968667,0.270993619,0.324722545,0.343996558,0.367826847,0.409835765,0.426118754,0.449052536,0.690913175,0.295330572,0.306524676,0.342785106,0.350915052,0.383439055,0.442581675,0.461785388,0.536833426,0.582458597,0.288283264,0.303727371,0.302743407,0.361522064,0.45622778,0.493450692,0.425099013,0.258689474,0.290785963,0.348129706
0.288080691,0.306823574,0.227724578,0.49948163,0.268664543,0.545330434,0.616525355,0.597626651,0.536767692,0.47812901,0.417199067,0.370480709,0.352060017,0.288317057,0.47700796,0.757890128,0.691343944,0.613693303,0.526863746,0.465639262,0.383210741,0.384320828,0.188938888,0.819754306,0.876708149,0.784009416,0.691600467,0.614719452,0.510508967,0.375225747,0.244635084,0.213968667,1,0.934566856,0.837975267,0.72904325,0.656582244,0.525880839,0.438585478,0.335910536,0.300334736,0.743269435,0.830051388,0.804324409,0.708855122,0.609184689,0.497069484,0.411776674,0.335312791,0.232338536,0.51944078,0.631610374,0.643736384,0.518270374,0.372841253,0.306988311,0.209883494,0.37400274,0.377869748,0.272849572
0.332060602,0.363238034,0.270088037,0.54882767,0.317209495,0.550937298,0.688949024,0.681854756,0.620689594,0.560304589,0.489240796,0.434307256,0.425637668,0.324247867,0.468603256,0.8426704,0.793996418,0.710545559,0.620447378,0.552477103,0.467644749,0.445592403,0.209319936,0.853540326,0.945436051,0.894094698,0.798255609,0.716482434,0.619549807,0.469609559,0.271553812,0.270993619,0.934566856,1,0.950716985,0.848349686,0.774750381,0.644266219,0.550264703,0.400946099,0.403668689,0.761932614,0.917708351,0.923669481,0.835480895,0.737502482,0.629529765,0.52920488,0.436105735,0.310902301,0.590225537,0.734294583,0.747763954,0.641902116,0.485183391,0.405602474,0.277043915,0.453501807,0.463963062,0.345856514
0.39605059,0.438912973,0.3270817,0.605993326,0.395666082,0.551037144,0.750668616,0.771500165,0.727020718,0.67473586,0.599820285,0.533249188,0.515803556,0.383822247,0.476644169,0.865095398,0.880706281,0.830841159,0.751056826,0.678332017,0.575535621,0.532827983,0.246016707,0.805117862,0.89955112,0.962231637,0.916907754,0.856377525,0.758474641,0.576629771,0.307696997,0.324722545,0.837975267,0.950716985,1,0.953821493,0.904486491,0.786746912,0.676465908,0.478983138,0.470586395,0.722618415,0.890128093,0.95721867,0.918985245,0.855256735,0.756629122,0.650277056,0.534061761,0.371733463,0.558176421,0.727878881,0.740248112,0.729266914,0.590004921,0.49447487,0.32733195,0.450927403,0.503258623,0.398181572
0.395128352,0.443870751,0.334881045,0.591000183,0.41585966,0.470702633,0.690275982,0.74759532,0.739433116,0.715379534,0.655181205,0.589051112,0.549411269,0.407724914,0.40660075,0.787933413,0.857170699,0.863033564,0.816294632,0.762093024,0.663007863,0.567172392,0.265652522,0.690183559,0.793214324,0.92795923,0.950459394,0.925480929,0.856987064,0.66995523,0.339025659,0.343996558,0.72904325,0.848349686,0.953821493,1,0.979439466,0.894327973,0.772576313,0.532384821,0.473803108,0.643922804,0.805747635,0.912193037,0.933482092,0.910288726,0.835206987,0.744359776,0.611648344,0.401177105,0.49587554,0.667961142,0.676377875,0.766244623,0.65964817,0.551533782,0.356664497,0.420158977,0.502673208,0.427802811
0.395302493,0.450288949,0.337710371,0.573596825,0.434142903,0.432326992,0.654536875,0.723948717,0.733883835,0.722228704,0.676413184,0.61410035,0.577279032,0.442800904,0.377922831,0.733223736,0.824524674,0.854518098,0.828910894,0.793182693,0.7058057,0.60544204,0.290078786,0.624986127,0.721082051,0.883496035,0.935587758,0.942954396,0.901325139,0.731141465,0.378423984,0.367826847,0.656582244,0.774750381,0.904486491,0.979439466,1,0.954115221,0.849903859,0.589257364,0.517930238,0.589434839,0.745577845,0.868931511,0.928968988,0.941784546,0.892303951,0.819380852,0.673204437,0.434260774,0.461464228,0.634669086,0.637978093,0.793088255,0.71618313,0.603273572,0.384640221,0.408855316,0.516260117,0.453616384
0.394258357,0.4552706,0.354323656,0.526582719,0.462430915,0.35148583,0.563285503,0.647398281,0.688444737,0.708188072,0.695546453,0.648755464,0.614249155,0.483702826,0.315622284,0.61931176,0.72999295,0.795440835,0.811102242,0.817711855,0.774967525,0.645910531,0.329027901,0.506811583,0.593872974,0.770335592,0.853103566,0.902054598,0.929160593,0.824861375,0.449753717,0.409835765,0.525880839,0.644266219,0.786746912,0.894327973,0.954115221,1,0.949022808,0.675135463,0.569858564,0.502072556,0.638074216,0.767851082,0.865582951,0.925918759,0.934217029,0.916468907,0.771474829,0.496456656,0.412434667,0.56800427,0.564760679,0.795946385,0.782684744,0.671925265,0.434249409,0.392826943,0.522733724,0.489669893
0.370951963,0.434207494,0.354381123,0.484335587,0.460785884,0.299215916,0.49180774,0.576160352,0.626931434,0.656622481,0.662898213,0.643409091,0.619421533,0.51269476,0.269023972,0.543141127,0.641739285,0.707574913,0.741202907,0.781464068,0.788362074,0.661453111,0.346904421,0.442085976,0.514785585,0.665636136,0.744002563,0.808743915,0.891689869,0.878256075,0.54046105,0.426118754,0.438585478,0.550264703,0.676465908,0.772576313,0.849903859,0.949022808,1,0.769884625,0.638473766,0.422950383,0.548222593,0.66294537,0.760225349,0.837139753,0.891739863,0.935651572,0.818440663,0.557127291,0.369499288,0.501410959,0.497981589,0.730666697,0.780331997,0.690025594,0.466073269,0.357959223,0.501410824,0.492290918
0.239654247,0.29160405,0.277752249,0.354527491,0.336717805,0.216925692,0.385835994,0.440939743,0.445397532,0.457672424,0.452855722,0.45902994,0.568330359,0.472222523,0.227591485,0.371371122,0.453798341,0.489650691,0.507444501,0.523675575,0.529872361,0.640277388,0.459070158,0.341911276,0.369465981,0.459859386,0.505944856,0.56403682,0.59196068,0.574114617,0.472012016,0.449052536,0.335910536,0.400946099,0.478983138,0.532384821,0.589257364,0.675135463,0.769884625,1,0.613069757,0.320647463,0.409357979,0.489881507,0.542425637,0.592087118,0.678353586,0.77322025,0.816389811,0.65723074,0.282062904,0.374383818,0.372832645,0.530182178,0.679211788,0.674998036,0.508329828,0.266967216,0.388017411,0.448930275
0.297563225,0.36575988,0.339861063,0.390476676,0.41481296,0.25498348,0.433071747,0.472367587,0.471386559,0.476145699,0.459749662,0.475987935,0.613491269,0.537026873,0.242622308,0.418990866,0.484406863,0.473684737,0.489842178,0.49624571,0.537641292,0.634042783,0.484305807,0.364993597,0.394545822,0.471248113,0.483470916,0.506531462,0.543963356,0.546235107,0.429941405,0.690913175,0.300334736,0.403668689,0.470586395,0.473803108,0.517930238,0.569858564,0.638473766,0.613069757,1,0.319501074,0.413032483,0.469652716,0.491075351,0.532850259,0.61481896,0.652388676,0.672519899,0.695098141,0.328570612,0.393624911,0.395153253,0.487538897,0.610353647,0.625525945,0.526101333,0.298001478,0.385211624,0.44209313
0.281832463,0.331909124,0.239089678,0.386777714,0.30979789,0.388145549,0.50946171,0.493923795,0.461671796,0.442788942,0.395719017,0.33943579,0.376487073,0.267469184,0.394041494,0.554193374,0.549130859,0.523913153,0.468121067,0.408272981,0.335043999,0.362796976,0.194818968,0.648894655,0.632000408,0.630470349,0.587555883,0.537450211,0.448469035,0.310740614,0.176230627,0.295330572,0.743269435,0.761932614,0.722618415,0.643922804,0.589434839,0.502072556,0.422950383,0.320647463,0.319501074,1,0.885386111,0.805791882,0.717664106,0.637228575,0.549259348,0.454269392,0.404042186,0.317931048,0.828765266,0.847783828,0.853279095,0.629411367,0.477158701,0.420990639,0.319390751,0.668239429,0.58181223,0.417347512
0.301826656,0.353162728,0.253659715,0.464694519,0.31442823,0.456486894,0.610211565,0.59999969,0.551901531,0.511504504,0.450115251,0.391536586,0.419575865,0.299020043,0.428203915,0.702717669,0.684361539,0.632576678,0.559753555,0.495541139,0.414611733,0.419071337,0.209496311,0.745631537,0.784860541,0.78262265,0.719652867,0.66025616,0.569373188,0.419171882,0.234852587,0.306524676,0.830051388,0.917708351,0.890128093,0.805747635,0.745577845,0.638074216,0.548222593,0.409357979,0.413032483,0.885386111,1,0.962197394,0.881777882,0.787191884,0.687732944,0.575429924,0.494424955,0.374559645,0.815971218,0.921471926,0.927924147,0.761031228,0.579986833,0.501397425,0.365526289,0.677454541,0.631985657,0.461683573
0.343105622,0.398104423,0.292029098,0.52046008,0.361088704,0.475718755,0.665304715,0.674535891,0.633091263,0.59324004,0.531092099,0.466756791,0.488254739,0.349661462,0.438466986,0.756952238,0.769303768,0.729746597,0.660631478,0.596389105,0.508261517,0.498422828,0.240309161,0.750377727,0.813218456,0.865860564,0.82414129,0.776423794,0.686771879,0.521835288,0.283085756,0.342785106,0.804324409,0.923669481,0.95721867,0.912193037,0.868931511,0.767851082,0.66294537,0.489881507,0.469652716,0.805791882,0.962197394,1,0.963091336,0.892710574,0.798480553,0.684176088,0.5802766,0.415541671,0.706574274,0.866819175,0.874383871,0.829448215,0.663068768,0.566327414,0.390246489,0.609989829,0.632628004,0.483102243
0.341014657,0.402930652,0.290037494,0.49785233,0.368266639,0.430400346,0.615227898,0.640088078,0.624320761,0.600680921,0.555147695,0.489223232,0.495117057,0.366206738,0.401183814,0.703771181,0.739281693,0.730883895,0.682826127,0.638218571,0.561401396,0.519034409,0.246979631,0.671271207,0.732049612,0.832241117,0.829908575,0.811480766,0.752382003,0.604069327,0.316703749,0.350915052,0.708855122,0.835480895,0.918985245,0.933482092,0.928968988,0.865582951,0.760225349,0.542425637,0.491075351,0.717664106,0.881777882,0.963091336,1,0.972508589,0.897394413,0.789991088,0.652099546,0.43167783,0.642749126,0.825009662,0.825859841,0.909299782,0.751026954,0.634872522,0.422024127,0.602471651,0.67817934,0.533574454
0.339962742,0.403370909,0.290871783,0.469145007,0.38413945,0.380664299,0.575772863,0.613075375,0.611883234,0.605365704,0.570290859,0.50717263,0.517070824,0.378365705,0.367264555,0.64662928,0.706821067,0.722168222,0.695865457,0.664979273,0.602125047,0.545462151,0.265882769,0.588629752,0.650463449,0.784553397,0.816554947,0.825007987,0.793807019,0.66413741,0.353285551,0.383439055,0.609184689,0.737502482,0.855256735,0.910288726,0.941784546,0.925918759,0.837139753,0.592087118,0.532850259,0.637228575,0.787191884,0.892710574,0.972508589,1,0.962591172,0.876634008,0.731398585,0.478150634,0.575887655,0.75398436,0.749334619,0.933162224,0.825326704,0.704717645,0.46899556,0.567489556,0.689089874,0.579010653
0.306042483,0.36825358,0.281465231,0.417901916,0.37392997,0.310955273,0.51117829,0.557192455,0.560577271,0.568564826,0.542956032,0.496373028,0.536437068,0.38586067,0.311163915,0.561671597,0.637094391,0.662523666,0.660087841,0.646020485,0.610781683,0.56518665,0.298182834,0.499895012,0.556817351,0.694735701,0.747146284,0.778285087,0.784451514,0.692119774,0.393040661,0.442581675,0.497069484,0.629529765,0.756629122,0.835206987,0.892303951,0.934217029,0.891739863,0.678353586,0.61481896,0.549259348,0.687732944,0.798480553,0.897394413,0.962591172,1,0.961275943,0.850101389,0.596786982,0.522168921,0.679108243,0.673096579,0.916661354,0.916496055,0.815685854,0.573374212,0.532770836,0.694953081,0.65424204
0.287620551,0.351753225,0.287958848,0.38953334,0.37896232,0.256302058,0.440758489,0.502276337,0.521434651,0.5457119,0.540638961,0.513056274,0.559428621,0.419094117,0.253398599,0.478713499,0.565657974,0.610849048,0.632656017,0.647268406,0.643599927,0.596942939,0.32993829,0.41582752,0.470687295,0.60529106,0.672607816,0.727362423,0.776326287,0.733454273,0.4448249,0.461785388,0.411776674,0.52920488,0.650277056,0.744359776,0.819380852,0.916468907,0.935651572,0.77322025,0.652388676,0.454269392,0.575429924,0.684176088,0.789991088,0.876634008,0.961275943,1,0.926208257,0.677348063,0.437830344,0.570852299,0.563814699,0.835456377,0.927764547,0.85778336,0.625762113,0.456158237,0.632301434,0.658833763
0.253048507,0.300760514,0.28071394,0.323855522,0.345849605,0.193419326,0.380150645,0.434548788,0.434292836,0.461525735,0.453933526,0.444916384,0.566958598,0.387281575,0.214045214,0.381012215,0.469847514,0.504952155,0.532622015,0.537749895,0.543903606,0.58566983,0.379804905,0.341666462,0.38317039,0.492210904,0.552430614,0.602306962,0.636332228,0.601251657,0.419162082,0.536833426,0.335312791,0.436105735,0.534061761,0.611648344,0.673204437,0.771474829,0.818440663,0.816389811,0.672519899,0.404042186,0.494424955,0.5802766,0.652099546,0.731398585,0.850101389,0.926208257,1,0.851198951,0.403390847,0.497970818,0.494406117,0.72629087,0.920034977,0.913228575,0.745062255,0.415664741,0.594209425,0.696253454
0.232582106,0.252525859,0.27064272,0.264713218,0.300778065,0.163377508,0.327119339,0.357265848,0.333313109,0.345375581,0.332696185,0.34400219,0.489250111,0.342800919,0.201864448,0.283237689,0.35166022,0.355921289,0.374173019,0.371470833,0.383915513,0.481976156,0.381313935,0.27067914,0.274462051,0.343728031,0.376495832,0.40607952,0.4229903,0.403785164,0.34320495,0.582458597,0.232338536,0.310902301,0.371733463,0.401177105,0.434260774,0.496456656,0.557127291,0.65723074,0.695098141,0.317931048,0.374559645,0.415541671,0.43167783,0.478150634,0.596786982,0.677348063,0.851198951,1,0.357812513,0.392097057,0.398505808,0.510117244,0.759037956,0.849349686,0.857558954,0.354798588,0.494451229,0.681928839
0.205452346,0.269541827,0.191755679,0.259239845,0.236033812,0.280043088,0.371566468,0.349727248,0.323615354,0.315593833,0.286036083,0.245870462,0.289486121,0.201872217,0.322411607,0.398940364,0.385076451,0.363562478,0.329963944,0.293665639,0.255018731,0.261403858,0.167088172,0.490414405,0.448372392,0.446790822,0.41391604,0.382969745,0.340407246,0.256763088,0.149205363,0.288283264,0.51944078,0.590225537,0.558176421,0.49587554,0.461464228,0.412434667,0.369499288,0.282062904,0.328570612,0.828765266,0.815971218,0.706574274,0.642749126,0.575887655,0.522168921,0.437830344,0.403390847,0.357812513,1,0.932567436,0.927904755,0.671300349,0.510716245,0.47401066,0.415547379,0.895966605,0.726068406,0.528552051
0.257111193,0.32384857,0.226931874,0.346941724,0.281175959,0.369291023,0.482858331,0.462058815,0.429176739,0.408020115,0.369261802,0.318410108,0.353138194,0.249252141,0.391074135,0.53501352,0.52003269,0.488929544,0.440326621,0.396606555,0.339838234,0.339157326,0.18846061,0.607310274,0.587034791,0.602830588,0.563189314,0.527318957,0.469545002,0.360172635,0.200157985,0.303727371,0.631610374,0.734294583,0.727878881,0.667961142,0.634669086,0.56800427,0.501410959,0.374383818,0.393624911,0.847783828,0.921471926,0.866819175,0.825009662,0.75398436,0.679108243,0.570852299,0.497970818,0.392097057,0.932567436,1,0.995813062,0.82419199,0.624893051,0.55557928,0.434995539,0.884973378,0.795607307,0.568259585
0.258384049,0.324890977,0.229573809,0.354791943,0.280554288,0.379900079,0.494738957,0.473846088,0.43624564,0.412231886,0.370348604,0.319420641,0.352338439,0.245168611,0.398657926,0.550120831,0.532180228,0.497055367,0.444846773,0.398937448,0.339700615,0.338213537,0.183106157,0.623623994,0.603458696,0.615316885,0.572612881,0.532847846,0.47197446,0.361035358,0.204161879,0.302743407,0.643736384,0.747763954,0.740248112,0.676377875,0.637978093,0.564760679,0.497981589,0.372832645,0.395153253,0.853279095,0.927924147,0.874383871,0.825859841,0.749334619,0.673096579,0.563814699,0.494406117,0.398505808,0.927904755,0.995813062,1,0.816543686,0.620440789,0.552841988,0.438762285,0.8738281,0.7909405,0.568735478
0.266092733,0.332890546,0.239877376,0.34785796,0.306166427,0.320204124,0.461218582,0.471221911,0.457901987,0.457597164,0.436404251,0.380366107,0.407360089,0.275857842,0.341711827,0.521956494,0.548162949,0.551610158,0.529002395,0.507553491,0.472094376,0.42513496,0.207279906,0.516748783,0.537565486,0.62714724,0.641495171,0.643994708,0.631986306,0.553160128,0.308912002,0.361522064,0.518270374,0.641902116,0.729266914,0.766244623,0.793088255,0.795946385,0.730666697,0.530182178,0.487538897,0.629411367,0.761031228,0.829448215,0.909299782,0.933162224,0.916661354,0.835456377,0.72629087,0.510117244,0.671300349,0.82419199,0.816543686,1,0.867541326,0.768998391,0.568908579,0.736526282,0.862053353,0.722619803
0.234615179,0.28846485,0.243091133,0.315957436,0.309750691,0.231734591,0.403118709,0.433036209,0.421543504,0.434621746,0.416178793,0.389654544,0.470321631,0.314372362,0.257638952,0.418013014,0.482000499,0.499284053,0.506132929,0.495285665,0.479271914,0.489112721,0.280319483,0.391250742,0.413976169,0.52184855,0.570265087,0.603599252,0.616641463,0.553843203,0.338001402,0.45622778,0.372841253,0.485183391,0.590004921,0.65964817,0.71618313,0.782684744,0.780331997,0.679211788,0.610353647,0.477158701,0.579986833,0.663068768,0.751026954,0.825326704,0.916496055,0.927764547,0.920034977,0.759037956,0.510716245,0.624893051,0.620440789,0.867541326,1,0.959470462,0.789709723,0.558358831,0.769681679,0.838054857
0.206904935,0.2594201,0.233800044,0.277399029,0.287374349,0.193561669,0.358828565,0.386761612,0.368159061,0.381887807,0.364031111,0.345196344,0.45150339,0.297947534,0.232188425,0.346048883,0.41306399,0.427864566,0.436247961,0.426710761,0.418554193,0.464666393,0.29731973,0.333404153,0.342955495,0.437465777,0.481328591,0.514928471,0.525585194,0.47363725,0.3200269,0.493450692,0.306988311,0.405602474,0.49447487,0.551533782,0.603273572,0.671925265,0.690025594,0.674998036,0.625525945,0.420990639,0.501397425,0.566327414,0.634872522,0.704717645,0.815685854,0.85778336,0.913228575,0.849349686,0.47401066,0.55557928,0.552841988,0.768998391,0.959470462,1,0.891508499,0.519474168,0.718553222,0.875688125
