1,0.931869809,0.868813863,0.897339187,0.754274289,0.446825149,0.821121675,0.722679169,0.626510485,0.579207889,0.587580994,0.57461094,0.588984367,0.646749783,0.275569793,0.366047914,0.474316656,0.255544847,0.539339363,0.472485772,0.287301825,0.316201713,0.528683781,0.04764961,0.391544319,0.572000317,0.177244582,0.423795935,0.32154228,0.375373981,0.300237613,0.261284425,0.343992997,0.151140572,0.091204142,0.050869419,0.207413299,0.279945462,0.258668821,0.187124888,0.049488313,0.071355037,0.081575702,0.157601733,0.072768502,0.192565345,0.230001463,0.086348372,0.088906907,0.048315496,0.101767175,0.099584678,0.039485941,0.080630029,0.423057711,0.038932798,0.03704521,0.052679776,0.032043224,0.039546763
0.931869809,1,0.930331328,0.915905019,0.859013675,0.518534568,0.85378118,0.805798516,0.721483354,0.693289444,0.712624938,0.687384455,0.698555261,0.75671697,0.355453405,0.468867171,0.575400775,0.341273608,0.644293062,0.58626172,0.316993129,0.389260663,0.617922499,0.06045601,0.449376247,0.627568958,0.190554901,0.527664556,0.411973305,0.448662772,0.351690675,0.284779177,0.330308926,0.145538375,0.102971973,0.068156098,0.252937881,0.35313194,0.296946981,0.202929402,0.055740261,0.120128285,0.062293685,0.141383178,0.071157876,0.185136222,0.236286394,0.090385649,0.075822835,0.041805503,0.083366443,0.137477173,0.03238777,0.052736471,0.40602156,0.031902211,0.034069888,0.090922177,0.048327589,0.059018711
0.868813863,0.930331328,1,0.876289815,0.884155794,0.544877186,0.829458918,0.801785993,0.743376342,0.718713349,0.739139479,0.720439703,0.741342827,0.799526836,0.376330174,0.496580218,0.607093692,0.345421854,0.668733268,0.617543716,0.326365513,0.434045557,0.649090849,0.065303971,0.448175878,0.640907861,0.197597906,0.560138171,0.440533153,0.471661871,0.364900234,0.276709771,0.315977272,0.126955628,0.098531676,0.076562331,0.267283345,0.383983648,0.303531464,0.20269813,0.054559797,0.147218976,0.052789786,0.127196547,0.074146981,0.176965777,0.233121715,0.094881665,0.067579229,0.037952848,0.075027566,0.160564692,0.031160916,0.042257899,0.389472185,0.030035252,0.037198147,0.11069752,0.062652907,0.073946679
0.897339187,0.915905019,0.876289815,1,0.866901141,0.575502171,0.92160573,0.848705315,0.763787689,0.751571153,0.772343243,0.744263657,0.7467826,0.777433792,0.38921443,0.510179348,0.646773443,0.430427049,0.751389604,0.676481386,0.441520802,0.493498035,0.686133774,0.098493942,0.511584703,0.713926505,0.253984572,0.631858906,0.506776692,0.570103878,0.454870713,0.313974593,0.421100659,0.180170316,0.157038441,0.117206153,0.344899705,0.455254863,0.420675389,0.299638431,0.064648892,0.112182007,0.108649113,0.196845742,0.134382902,0.281246896,0.341144488,0.121174811,0.131189918,0.061875331,0.101041821,0.129055878,0.055589987,0.085368162,0.323556692,0.05504773,0.041847704,0.082186449,0.047759835,0.055103323
0.754274289,0.859013675,0.884155794,0.866901141,1,0.685368567,0.845275884,0.890016354,0.865842899,0.867749806,0.924294634,0.915904266,0.912243925,0.921574999,0.432193716,0.586215702,0.760435214,0.48596131,0.831042727,0.820735325,0.461986106,0.61691661,0.792295699,0.122040881,0.484427497,0.672940083,0.273322393,0.746739439,0.620791759,0.645998044,0.514110074,0.361560799,0.297878235,0.140802004,0.147736052,0.144170691,0.39436932,0.525751943,0.424906505,0.299233773,0.097154961,0.247370557,0.072332432,0.148046922,0.111032947,0.236957089,0.314919464,0.151317824,0.103321423,0.063031615,0.109822641,0.195119808,0.055342688,0.046193804,0.285192668,0.052687027,0.053072537,0.191826294,0.101718342,0.109600741
0.446825149,0.518534568,0.544877186,0.575502171,0.685368567,1,0.602527559,0.708022777,0.802486185,0.629353646,0.718840195,0.743497885,0.750357384,0.710742129,0.27317829,0.368700474,0.627267121,0.299904531,0.670219795,0.704415161,0.438497724,0.638003342,0.596750656,0.127468756,0.236689506,0.383946056,0.197101585,0.687604746,0.542751415,0.529441844,0.399409624,0.251038425,0.173241222,0.138232602,0.132539907,0.113938262,0.355178389,0.395063976,0.317097549,0.234219509,0.135925391,0.490479094,0.11797926,0.153390501,0.14154249,0.222663781,0.241478997,0.140121545,0.101459435,0.127370559,0.182467082,0.27236214,0.116098716,0.062714064,0.1223333,0.11349362,0.121026695,0.322264243,0.183677585,0.183414426
0.821121675,0.85378118,0.829458918,0.92160573,0.845275884,0.602527559,1,0.864936981,0.763683683,0.761228139,0.779542798,0.766970178,0.753618984,0.788614963,0.398576968,0.553644433,0.70005152,0.47915641,0.761498474,0.708041426,0.479993004,0.493388871,0.730353048,0.126250446,0.537549543,0.712557567,0.285966428,0.660062122,0.529889532,0.613201338,0.517359793,0.415146671,0.42627918,0.245740933,0.160380741,0.132489214,0.37393332,0.446841478,0.453380287,0.355457118,0.12006882,0.134450521,0.110639146,0.236531438,0.099220096,0.32788688,0.379931433,0.125043287,0.160901716,0.090859506,0.11568511,0.109419251,0.063495245,0.09661433,0.313883666,0.065376941,0.045894263,0.095191325,0.04611083,0.050009661
0.722679169,0.805798516,0.801785993,0.848705315,0.890016354,0.708022777,0.864936981,1,0.903514697,0.841326555,0.869788945,0.84149896,0.827641425,0.843909561,0.427409548,0.596567207,0.817322946,0.502578486,0.789750463,0.777965355,0.381485319,0.559857042,0.728137932,0.137484951,0.506811619,0.669995151,0.296982126,0.725489875,0.589005119,0.587189215,0.458678768,0.342099494,0.286610896,0.177194623,0.197457066,0.158491404,0.363619672,0.504324796,0.378377497,0.25987773,0.094144079,0.304624657,0.123576041,0.177914837,0.134641067,0.225684029,0.297043538,0.191915918,0.098926735,0.064872514,0.134738743,0.234910847,0.094396168,0.063936376,0.297443203,0.071973052,0.066775829,0.245227321,0.124612954,0.137460841
0.626510485,0.721483354,0.743376342,0.763787689,0.865842899,0.802486185,0.763683683,0.903514697,1,0.85753228,0.873649893,0.863945637,0.855286953,0.83222458,0.357428766,0.569116528,0.839575512,0.45265958,0.80574153,0.800329424,0.392571803,0.630224675,0.687081846,0.129436391,0.444322219,0.630570932,0.349127091,0.760554536,0.652384397,0.572996205,0.441300517,0.311360345,0.217960096,0.161728648,0.191440775,0.180937686,0.412392606,0.539287796,0.353949635,0.248343502,0.114272795,0.378482305,0.104393742,0.168739723,0.155357618,0.226142256,0.296097477,0.203338702,0.103059685,0.083248561,0.12169657,0.260766225,0.098291399,0.06612642,0.266084824,0.085089415,0.086728564,0.26697792,0.144671464,0.163625931
0.579207889,0.693289444,0.718713349,0.751571153,0.867749806,0.629353646,0.761228139,0.841326555,0.85753228,1,0.915723721,0.882446557,0.854261394,0.848189736,0.572462339,0.757256222,0.899410593,0.62195489,0.862479071,0.849674971,0.435005928,0.658068387,0.765095996,0.281280208,0.560360226,0.733634936,0.475745169,0.793950225,0.710448476,0.678261163,0.53686762,0.349244781,0.277827298,0.153826721,0.170911325,0.3165569,0.539259147,0.671891462,0.448324177,0.311155136,0.137113825,0.287591642,0.104662385,0.132844373,0.158497218,0.214449588,0.33566722,0.228129845,0.110859434,0.070579005,0.183188129,0.232855084,0.095077774,0.064859151,0.242899283,0.072232434,0.078297475,0.248739708,0.17292048,0.167644403
0.587580994,0.712624938,0.739139479,0.772343243,0.924294634,0.718840195,0.779542798,0.869788945,0.873649893,0.915723721,1,0.967749643,0.935153689,0.903404136,0.503246521,0.673966564,0.832729351,0.653687549,0.937575332,0.958040964,0.530518205,0.686530836,0.839772712,0.205041299,0.540548379,0.684197522,0.322172394,0.890465984,0.768764997,0.775017118,0.629188051,0.415906475,0.301779051,0.179970644,0.231883171,0.230005922,0.503444027,0.632396847,0.545323894,0.388082069,0.151537186,0.320674208,0.114175559,0.183228732,0.158285675,0.291426872,0.383553942,0.182988053,0.151054061,0.102447887,0.170389162,0.224315885,0.102075351,0.073847095,0.214084221,0.095128437,0.088895994,0.276018659,0.154196517,0.15617211
0.57461094,0.687384455,0.720439703,0.744263657,0.915904266,0.743497885,0.766970178,0.84149896,0.863945637,0.882446557,0.967749643,1,0.975862308,0.925967164,0.395547466,0.575457938,0.823390511,0.56775924,0.892537983,0.938642769,0.610611036,0.766313994,0.872477862,0.169524022,0.475440556,0.64356214,0.355021089,0.85926015,0.759643641,0.804249678,0.687000153,0.482640175,0.293328189,0.183930451,0.201714404,0.225031318,0.517228031,0.626127027,0.569805048,0.446716978,0.172324632,0.301897306,0.104750408,0.205164139,0.159146284,0.350049103,0.446451685,0.227190883,0.188772947,0.114519622,0.165730943,0.180095918,0.080869758,0.073586438,0.194265354,0.094280835,0.074338275,0.226368241,0.110491131,0.116983957
0.588984367,0.698555261,0.741342827,0.7467826,0.912243925,0.750357384,0.753618984,0.827641425,0.855286953,0.854261394,0.935153689,0.975862308,1,0.943611325,0.395850442,0.554249575,0.802270811,0.508692487,0.853925002,0.894197615,0.580169822,0.782482316,0.865039357,0.160877274,0.459975287,0.650148948,0.328577075,0.817471473,0.712220023,0.767832056,0.649887537,0.438920428,0.305476381,0.164749009,0.187997131,0.211849964,0.457437655,0.610440244,0.536162972,0.411615476,0.15099826,0.287804942,0.099866889,0.195793485,0.153426808,0.321792928,0.41453851,0.227208333,0.170341555,0.106935072,0.146975938,0.188506567,0.076855747,0.06591743,0.190499257,0.089011809,0.073317259,0.216480259,0.113550245,0.120150717
0.646749783,0.75671697,0.799526836,0.777433792,0.921574999,0.710742129,0.788614963,0.843909561,0.83222458,0.848189736,0.903404136,0.925967164,0.943611325,1,0.420766899,0.568866062,0.78074575,0.49261793,0.823566582,0.843388767,0.52297414,0.706902457,0.889942211,0.151370145,0.455191153,0.64432605,0.303067765,0.773589238,0.653568891,0.715612115,0.59406234,0.417450234,0.293142803,0.137435499,0.145792041,0.179923108,0.434421406,0.568058872,0.484352528,0.364660057,0.12595619,0.275577887,0.081906562,0.155146403,0.126371797,0.273630843,0.363677988,0.196512801,0.133399345,0.080542805,0.145638586,0.186587325,0.060041043,0.047019814,0.220073306,0.065177202,0.058377322,0.212022671,0.110284074,0.113271164
0.275569793,0.355453405,0.376330174,0.38921443,0.432193716,0.27317829,0.398576968,0.427409548,0.357428766,0.572462339,0.503246521,0.395547466,0.395850442,0.420766899,1,0.784468594,0.514764392,0.611913605,0.487752898,0.454521105,0.167128444,0.269210754,0.395824475,0.573988008,0.557718083,0.546082616,0.263343087,0.432711568,0.362066916,0.357747073,0.247745262,0.106899683,0.269484693,0.119729582,0.227722089,0.326711247,0.258069361,0.436713867,0.251820267,0.115425427,0.066057544,0.157085036,0.122598595,0.073676134,0.092947993,0.056225153,0.098593402,0.101467461,0.04314153,0.050717319,0.174485889,0.269564681,0.180093889,0.159923955,0.161614446,0.090067418,0.152796925,0.240445244,0.296306925,0.258125798
0.366047914,0.468867171,0.496580218,0.510179348,0.586215702,0.368700474,0.553644433,0.596567207,0.569116528,0.757256222,0.673966564,0.575457938,0.554249575,0.568866062,0.784468594,1,0.768088642,0.74286934,0.69193153,0.635836718,0.233364341,0.385141237,0.540291706,0.512132923,0.73669599,0.721070893,0.393598521,0.638911119,0.610760332,0.48710725,0.363865936,0.202563363,0.282993009,0.176426985,0.284802223,0.388844852,0.46394088,0.615587592,0.352381389,0.195620973,0.107728609,0.214895553,0.115505629,0.104322165,0.132572545,0.112170604,0.206893902,0.128537093,0.06017274,0.04870713,0.171974832,0.237566864,0.130518456,0.094994337,0.183281921,0.068853801,0.101079433,0.259443432,0.22613391,0.206025634
0.474316656,0.575400775,0.607093692,0.646773443,0.760435214,0.627267121,0.70005152,0.817322946,0.839575512,0.899410593,0.832729351,0.823390511,0.802270811,0.78074575,0.514764392,0.768088642,1,0.638353957,0.805904487,0.805207643,0.412376566,0.696413579,0.739982345,0.341696319,0.64424759,0.78444527,0.588769875,0.787099339,0.750857351,0.670921442,0.560534872,0.38450546,0.310067018,0.236491394,0.272779654,0.427823387,0.566363375,0.746825813,0.481461409,0.353921805,0.171081275,0.300832779,0.164848229,0.214150829,0.209116627,0.27822674,0.424536851,0.3429256,0.166700373,0.095727241,0.21064967,0.223970653,0.124088033,0.091147389,0.199366335,0.103136225,0.083787349,0.252673455,0.158584721,0.1574479
0.255544847,0.341273608,0.345421854,0.430427049,0.48596131,0.299904531,0.47915641,0.502578486,0.45265958,0.62195489,0.653687549,0.56775924,0.508692487,0.49261793,0.611913605,0.74286934,0.638353957,1,0.732973364,0.71136786,0.392691256,0.420678104,0.596766984,0.525307618,0.733457757,0.629287281,0.384330574,0.729979436,0.73814649,0.662624524,0.586943369,0.393125131,0.359417501,0.294565878,0.447556977,0.42300633,0.568430119,0.653719914,0.633044598,0.448666103,0.213162295,0.143644812,0.15513441,0.222997459,0.160101886,0.302420316,0.426809626,0.198408231,0.220426242,0.1455304,0.233903341,0.116700071,0.121955478,0.113133638,0.122800428,0.125013867,0.089739738,0.207281666,0.12836789,0.104924497
0.539339363,0.644293062,0.668733268,0.751389604,0.831042727,0.670219795,0.761498474,0.789750463,0.80574153,0.862479071,0.937575332,0.892537983,0.853925002,0.823566582,0.487752898,0.69193153,0.805904487,0.732973364,1,0.963849005,0.593681207,0.682275125,0.817871027,0.237295542,0.600224129,0.730952817,0.361042133,0.965183476,0.865507019,0.834875056,0.674142719,0.401349263,0.348371864,0.216396204,0.298944558,0.284242513,0.651790623,0.720335235,0.659055096,0.465570181,0.16359348,0.269147092,0.126750284,0.225763462,0.201830527,0.380323972,0.480679224,0.178132228,0.206590846,0.130103614,0.171630831,0.210342961,0.113445552,0.102502734,0.188354637,0.118206718,0.099292371,0.236318348,0.143688598,0.13975448
0.472485772,0.58626172,0.617543716,0.676481386,0.820735325,0.704415161,0.708041426,0.777965355,0.800329424,0.849674971,0.958040964,0.938642769,0.894197615,0.843388767,0.454521105,0.635836718,0.805207643,0.71136786,0.963849005,1,0.628984759,0.73362938,0.854117435,0.230112402,0.537102355,0.659498336,0.351952482,0.963233099,0.861297608,0.881033431,0.742096065,0.475647007,0.319408173,0.220129969,0.292340799,0.280771159,0.610873863,0.694440187,0.680766714,0.50993096,0.198634181,0.317905028,0.141271844,0.238940701,0.19895366,0.399394095,0.497093882,0.214226613,0.2295835,0.148737106,0.205784291,0.204959859,0.124594191,0.109066238,0.16674607,0.134692878,0.110301702,0.275289468,0.153033905,0.151426263
0.287301825,0.316993129,0.326365513,0.441520802,0.461986106,0.438497724,0.479993004,0.381485319,0.392571803,0.435005928,0.530518205,0.610611036,0.580169822,0.52297414,0.167128444,0.233364341,0.412376566,0.392691256,0.593681207,0.628984759,1,0.681837361,0.645989722,0.154777994,0.271712176,0.379625261,0.305475014,0.600612397,0.5517299,0.794934056,0.792634606,0.53616142,0.344179188,0.223313533,0.202127775,0.216926997,0.528952967,0.447671535,0.734145943,0.750622034,0.218396922,0.088474299,0.161826352,0.329665146,0.178772696,0.687606191,0.668395731,0.301319455,0.469103182,0.23349048,0.15048022,0.090893942,0.15468227,0.240849491,0.150683797,0.237886056,0.173192061,0.058367138,0.059661146,0.095336582
0.316201713,0.389260663,0.434045557,0.493498035,0.61691661,0.638003342,0.493388871,0.559857042,0.630224675,0.658068387,0.686530836,0.766313994,0.782482316,0.706902457,0.269210754,0.385141237,0.696413579,0.420678104,0.682275125,0.73362938,0.681837361,1,0.735803023,0.231824542,0.34210225,0.523954932,0.475847495,0.70795065,0.689898666,0.786011875,0.705873814,0.39297869,0.284869781,0.153413431,0.185823864,0.368221702,0.573587985,0.708945206,0.625489632,0.522483753,0.184911869,0.245877294,0.15021473,0.202438094,0.283774719,0.401400786,0.541174422,0.457702556,0.281068499,0.159375974,0.234551061,0.159948187,0.103770661,0.100748918,0.10053682,0.151497363,0.105109578,0.179529352,0.11912366,0.116716498
0.528683781,0.617922499,0.649090849,0.686133774,0.792295699,0.596750656,0.730353048,0.728137932,0.687081846,0.765095996,0.839772712,0.872477862,0.865039357,0.889942211,0.395824475,0.540291706,0.739982345,0.596766984,0.817871027,0.854117435,0.645989722,0.735803023,1,0.192083456,0.516302582,0.651896682,0.336131401,0.79681836,0.719302296,0.850472001,0.781528068,0.568940663,0.387995046,0.21627776,0.217507318,0.24954269,0.518434012,0.633618234,0.686970212,0.573168838,0.196858153,0.188743177,0.121020947,0.248182046,0.15107443,0.437158673,0.54705523,0.246339714,0.268520982,0.147273068,0.178697828,0.108613369,0.071442051,0.089250016,0.161136113,0.117117868,0.074150554,0.153264543,0.06735396,0.071990324
0.04764961,0.06045601,0.065303971,0.098493942,0.122040881,0.127468756,0.126250446,0.137484951,0.129436391,0.281280208,0.205041299,0.169524022,0.160877274,0.151370145,0.573988008,0.512132923,0.341696319,0.525307618,0.237295542,0.230112402,0.154777994,0.231824542,0.192083456,1,0.458980889,0.339148991,0.432440631,0.249539956,0.316925926,0.248696224,0.21309285,0.095429702,0.211543129,0.160945505,0.336284233,0.687091998,0.347001733,0.465845031,0.255385057,0.162883043,0.111842947,0.119964386,0.152680018,0.108407846,0.167127561,0.090631531,0.176706741,0.234906732,0.110871824,0.079469239,0.239981922,0.135224867,0.150598153,0.150432718,0.115624687,0.10141947,0.107871037,0.150873676,0.200568758,0.147023498
0.391544319,0.449376247,0.448175878,0.511584703,0.484427497,0.236689506,0.537549543,0.506811619,0.444322219,0.560360226,0.540548379,0.475440556,0.459975287,0.455191153,0.557718083,0.73669599,0.64424759,0.733457757,0.600224129,0.537102355,0.271712176,0.34210225,0.516302582,0.458980889,1,0.868398481,0.367229738,0.556172855,0.604316875,0.503049468,0.463029438,0.361903525,0.616666593,0.515077221,0.539646523,0.448342695,0.387813957,0.635163376,0.514833098,0.361936696,0.211385863,0.117720352,0.302665349,0.396173226,0.21193869,0.30992037,0.446366346,0.185883773,0.248133022,0.191548644,0.238351214,0.134139531,0.172809777,0.15987687,0.171248188,0.173934839,0.113089923,0.125804034,0.108911275,0.092895901
0.572000317,0.627568958,0.640907861,0.713926505,0.672940083,0.383946056,0.712557567,0.669995151,0.630570932,0.733634936,0.684197522,0.64356214,0.650148948,0.64432605,0.546082616,0.721070893,0.78444527,0.629287281,0.730952817,0.659498336,0.379625261,0.523954932,0.651896682,0.339148991,0.868398481,1,0.492159594,0.666878781,0.641258821,0.619622487,0.536540637,0.35829774,0.645413476,0.404568394,0.376215718,0.4429621,0.453269898,0.710950666,0.552920249,0.394573814,0.160360751,0.134473411,0.285803582,0.370229551,0.268985997,0.354536428,0.492215296,0.256444625,0.233611906,0.137819733,0.21508549,0.143639123,0.148341999,0.148699896,0.227592139,0.14277731,0.082199555,0.129830213,0.096040304,0.084315983
0.177244582,0.190554901,0.197597906,0.253984572,0.273322393,0.197101585,0.285966428,0.296982126,0.349127091,0.475745169,0.322172394,0.355021089,0.328577075,0.303067765,0.263343087,0.393598521,0.588769875,0.384330574,0.361042133,0.351952482,0.305475014,0.475847495,0.336131401,0.432440631,0.367229738,0.492159594,1,0.371722463,0.4444612,0.39130983,0.373381116,0.264679018,0.225235938,0.215516199,0.154607569,0.721151916,0.601284631,0.600019865,0.339877021,0.316523466,0.216129223,0.112297849,0.220934721,0.215803675,0.224987458,0.273244432,0.437917494,0.598529373,0.27470978,0.136144658,0.245872184,0.107604398,0.158413866,0.189460179,0.180465816,0.173056718,0.113971361,0.134931702,0.121942484,0.101930392
0.423795935,0.527664556,0.560138171,0.631858906,0.746739439,0.687604746,0.660062122,0.725489875,0.760554536,0.793950225,0.890465984,0.85926015,0.817471473,0.773589238,0.432711568,0.638911119,0.787099339,0.729979436,0.965183476,0.963233099,0.600612397,0.70795065,0.79681836,0.249539956,0.556172855,0.666878781,0.371722463,1,0.913398156,0.856689975,0.698447308,0.413829764,0.311508786,0.23282139,0.354961587,0.31744269,0.70642577,0.753538389,0.697522061,0.500777039,0.199125552,0.337867208,0.16677066,0.258204082,0.242178849,0.422714393,0.525777556,0.222690545,0.246584844,0.167009215,0.226941311,0.239797489,0.157494714,0.137069194,0.161486976,0.162451654,0.136155922,0.303583778,0.185163148,0.17664625
0.32154228,0.411973305,0.440533153,0.506776692,0.620791759,0.542751415,0.529889532,0.589005119,0.652384397,0.710448476,0.768764997,0.759643641,0.712220023,0.653568891,0.362066916,0.610760332,0.750857351,0.73814649,0.865507019,0.861297608,0.5517299,0.689898666,0.719302296,0.316925926,0.604316875,0.641258821,0.4444612,0.913398156,1,0.809975879,0.704490558,0.446967572,0.28061343,0.245283248,0.448928851,0.438895044,0.772322366,0.851906765,0.725190706,0.54638505,0.23529663,0.252383864,0.157859558,0.268044909,0.264354544,0.446395922,0.609479236,0.294658916,0.32055756,0.200998195,0.203642538,0.184947353,0.143601637,0.150729919,0.160787025,0.190561877,0.144538426,0.239147338,0.143878559,0.148038844
0.375373981,0.448662772,0.471661871,0.570103878,0.645998044,0.529441844,0.613201338,0.587189215,0.572996205,0.678261163,0.775017118,0.804249678,0.767832056,0.715612115,0.357747073,0.48710725,0.670921442,0.662624524,0.834875056,0.881033431,0.794934056,0.786011875,0.850472001,0.248696224,0.503049468,0.619622487,0.39130983,0.856689975,0.809975879,1,0.934313008,0.584410934,0.424436087,0.260602838,0.291951005,0.351696163,0.662307995,0.722777728,0.899419434,0.768688507,0.247989995,0.173972927,0.181858784,0.318691858,0.245287617,0.594304027,0.710532276,0.325514761,0.4108845,0.223070419,0.23044863,0.123379878,0.132796062,0.165764219,0.163475723,0.208951791,0.13932062,0.151849476,0.096015177,0.105842563
0.300237613,0.351690675,0.364900234,0.454870713,0.514110074,0.399409624,0.517359793,0.458678768,0.441300517,0.53686762,0.629188051,0.687000153,0.649887537,0.59406234,0.247745262,0.363865936,0.560534872,0.586943369,0.674142719,0.742096065,0.792634606,0.705873814,0.781528068,0.21309285,0.463029438,0.536540637,0.373381116,0.698447308,0.704490558,0.934313008,1,0.741316854,0.46615644,0.34741468,0.304470087,0.342849582,0.563126766,0.617930645,0.922973248,0.906813531,0.342870764,0.113542434,0.229691272,0.432980557,0.213661146,0.719250181,0.806242751,0.361738869,0.566375867,0.330712794,0.20062439,0.099425476,0.175552744,0.240281701,0.167767043,0.306048377,0.213229201,0.100766362,0.082034839,0.116410082
0.261284425,0.284779177,0.276709771,0.313974593,0.361560799,0.251038425,0.415146671,0.342099494,0.311360345,0.349244781,0.415906475,0.482640175,0.438920428,0.417450234,0.106899683,0.202563363,0.38450546,0.393125131,0.401349263,0.475647007,0.53616142,0.39297869,0.568940663,0.095429702,0.361903525,0.35829774,0.264679018,0.413829764,0.446967572,0.584410934,0.741316854,1,0.403883385,0.57909424,0.247026965,0.186877873,0.304652239,0.323261803,0.594410105,0.731870287,0.611790494,0.086455764,0.241023455,0.573904223,0.117288257,0.639141606,0.63382662,0.259163688,0.595732782,0.540995266,0.161106999,0.158971812,0.261154454,0.326254349,0.164248578,0.403113729,0.342692899,0.099565648,0.170596706,0.182125032
0.343992997,0.330308926,0.315977272,0.421100659,0.297878235,0.173241222,0.42627918,0.286610896,0.217960096,0.277827298,0.301779051,0.293328189,0.305476381,0.293142803,0.269484693,0.282993009,0.310067018,0.359417501,0.348371864,0.319408173,0.344179188,0.284869781,0.387995046,0.211543129,0.616666593,0.645413476,0.225235938,0.311508786,0.28061343,0.424436087,0.46615644,0.403883385,1,0.637559236,0.333565438,0.265579098,0.182901235,0.328638204,0.516018325,0.489805208,0.312770923,0.293745799,0.612516313,0.646582529,0.253508571,0.488095871,0.509945777,0.197504375,0.460837874,0.41268676,0.398896655,0.218636513,0.407211231,0.367689925,0.124091782,0.416490398,0.302170522,0.260692255,0.235464209,0.234878922
0.151140572,0.145538375,0.126955628,0.180170316,0.140802004,0.138232602,0.245740933,0.177194623,0.161728648,0.153826721,0.179970644,0.183930451,0.164749009,0.137435499,0.119729582,0.176426985,0.236491394,0.294565878,0.216396204,0.220129969,0.223313533,0.153413431,0.21627776,0.160945505,0.515077221,0.404568394,0.215516199,0.23282139,0.245283248,0.260602838,0.34741468,0.57909424,0.637559236,1,0.434173469,0.223460124,0.167037435,0.201817254,0.353643252,0.418816487,0.693264808,0.262871875,0.596771707,0.846183026,0.147730099,0.508487185,0.469499745,0.161718455,0.568312065,0.739637042,0.413362153,0.470746077,0.611104461,0.548404828,0.135580579,0.586446699,0.54278125,0.294970456,0.4766014,0.433674843
0.091204142,0.102971973,0.098531676,0.157038441,0.147736052,0.132539907,0.160380741,0.197457066,0.191440775,0.170911325,0.231883171,0.201714404,0.187997131,0.145792041,0.227722089,0.284802223,0.272779654,0.447556977,0.298944558,0.292340799,0.202127775,0.185823864,0.217507318,0.336284233,0.539646523,0.376215718,0.154607569,0.354961587,0.448928851,0.291951005,0.304470087,0.247026965,0.333565438,0.434173469,1,0.302282849,0.229253215,0.403707478,0.424764156,0.321179765,0.131665671,0.177449029,0.461941632,0.532769267,0.346374346,0.438852999,0.460555314,0.188501273,0.380103904,0.271307716,0.215302026,0.312551528,0.422099831,0.444186844,0.16106775,0.368891301,0.345112023,0.24281127,0.317520297,0.325372601
0.050869419,0.068156098,0.076562331,0.117206153,0.144170691,0.113938262,0.132489214,0.158491404,0.180937686,0.3165569,0.230005922,0.225031318,0.211849964,0.179923108,0.326711247,0.388844852,0.427823387,0.42300633,0.284242513,0.280771159,0.216926997,0.368221702,0.24954269,0.687091998,0.448342695,0.4429621,0.721151916,0.31744269,0.438895044,0.351696163,0.342849582,0.186877873,0.265579098,0.223460124,0.302282849,1,0.533784804,0.647919833,0.389824089,0.318628521,0.174886603,0.136059234,0.265576951,0.218511859,0.342015651,0.250275355,0.43718654,0.498011728,0.299314517,0.155106645,0.247474286,0.157777596,0.187944362,0.187795976,0.23080119,0.22270255,0.156917171,0.139352301,0.157305194,0.145009631
0.207413299,0.252937881,0.267283345,0.344899705,0.39436932,0.355178389,0.37393332,0.363619672,0.412392606,0.539259147,0.503444027,0.517228031,0.457437655,0.434421406,0.258069361,0.46394088,0.566363375,0.568430119,0.651790623,0.610873863,0.528952967,0.573587985,0.518434012,0.347001733,0.387813957,0.453269898,0.601284631,0.70642577,0.772322366,0.662307995,0.563126766,0.304652239,0.182901235,0.167037435,0.229253215,0.533784804,1,0.746547594,0.607249378,0.478206236,0.203686889,0.205253189,0.135970323,0.174392035,0.291507243,0.388576129,0.554550373,0.331365576,0.279343545,0.151879343,0.270759439,0.160182136,0.124117978,0.134430529,0.229289891,0.154583073,0.110633876,0.172374027,0.134521338,0.116095404
0.279945462,0.35313194,0.383983648,0.455254863,0.525751943,0.395063976,0.446841478,0.504324796,0.539287796,0.671891462,0.632396847,0.626127027,0.610440244,0.568058872,0.436713867,0.615587592,0.746825813,0.653719914,0.720335235,0.694440187,0.447671535,0.708945206,0.633618234,0.465845031,0.635163376,0.710950666,0.600019865,0.753538389,0.851906765,0.722777728,0.617930645,0.323261803,0.328638204,0.201817254,0.403707478,0.647919833,0.746547594,1,0.676994249,0.487965908,0.180386568,0.191653902,0.210882154,0.231816273,0.394824581,0.377607527,0.604142757,0.466164856,0.313482587,0.17470611,0.248270312,0.196213177,0.161768088,0.16356684,0.182290019,0.204946471,0.150171663,0.207110329,0.176480578,0.16856744
0.258668821,0.296946981,0.303531464,0.420675389,0.424906505,0.317097549,0.453380287,0.378377497,0.353949635,0.448324177,0.545323894,0.569805048,0.536162972,0.484352528,0.251820267,0.352381389,0.481461409,0.633044598,0.659055096,0.680766714,0.734145943,0.625489632,0.686970212,0.255385057,0.514833098,0.552920249,0.339877021,0.697522061,0.725190706,0.899419434,0.922973248,0.594410105,0.516018325,0.353643252,0.424764156,0.389824089,0.607249378,0.676994249,1,0.8999955,0.28119506,0.109129259,0.304238839,0.459152135,0.309492221,0.751568694,0.860770489,0.377987514,0.611260377,0.339129035,0.23209929,0.143390348,0.239899999,0.305689302,0.230149658,0.369534443,0.26451607,0.114936279,0.124931366,0.17034321
0.187124888,0.202929402,0.20269813,0.299638431,0.299233773,0.234219509,0.355457118,0.25987773,0.248343502,0.311155136,0.388082069,0.446716978,0.411615476,0.364660057,0.115425427,0.195620973,0.353921805,0.448666103,0.465570181,0.50993096,0.750622034,0.522483753,0.573168838,0.162883043,0.361936696,0.394573814,0.316523466,0.500777039,0.54638505,0.768688507,0.906813531,0.731870287,0.489805208,0.418816487,0.321179765,0.318628521,0.478206236,0.487965908,0.8999955,1,0.415186617,0.113714381,0.349662524,0.558305182,0.215698079,0.857238944,0.876496573,0.414830055,0.786971054,0.497728463,0.200799694,0.202238724,0.327163334,0.412085989,0.248184014,0.516670673,0.40906219,0.118934173,0.180501716,0.258018489
0.049488313,0.055740261,0.054559797,0.064648892,0.097154961,0.135925391,0.12006882,0.094144079,0.114272795,0.137113825,0.151537186,0.172324632,0.15099826,0.12595619,0.066057544,0.107728609,0.171081275,0.213162295,0.16359348,0.198634181,0.218396922,0.184911869,0.196858153,0.111842947,0.211385863,0.160360751,0.216129223,0.199125552,0.23529663,0.247989995,0.342870764,0.611790494,0.312770923,0.693264808,0.131665671,0.174886603,0.203686889,0.180386568,0.28119506,0.415186617,1,0.208047456,0.285867253,0.507133158,0.152123828,0.347773732,0.338384812,0.185137461,0.520315722,0.815362444,0.239523481,0.397942869,0.399140733,0.344454489,0.128340711,0.52132974,0.50196097,0.260853362,0.384473177,0.370742126
0.071355037,0.120128285,0.147218976,0.112182007,0.247370557,0.490479094,0.134450521,0.304624657,0.378482305,0.287591642,0.320674208,0.301897306,0.287804942,0.275577887,0.157085036,0.214895553,0.300832779,0.143644812,0.269147092,0.317905028,0.088474299,0.245877294,0.188743177,0.119964386,0.117720352,0.134473411,0.112297849,0.337867208,0.252383864,0.173972927,0.113542434,0.086455764,0.293745799,0.262871875,0.177449029,0.136059234,0.205253189,0.191653902,0.109129259,0.113714381,0.208047456,1,0.62365977,0.294641852,0.351278269,0.141941941,0.131920773,0.223761165,0.273472743,0.361303987,0.547830865,0.600080462,0.544594777,0.374315519,0.163895869,0.49325308,0.482702569,0.823346039,0.593613855,0.586588725
0.081575702,0.062293685,0.052789786,0.108649113,0.072332432,0.11797926,0.110639146,0.123576041,0.104393742,0.104662385,0.114175559,0.104750408,0.099866889,0.081906562,0.122598595,0.115505629,0.164848229,0.15513441,0.126750284,0.141271844,0.161826352,0.15021473,0.121020947,0.152680018,0.302665349,0.285803582,0.220934721,0.16677066,0.157859558,0.181858784,0.229691272,0.241023455,0.612516313,0.596771707,0.461941632,0.265576951,0.135970323,0.210882154,0.304238839,0.349662524,0.285867253,0.62365977,1,0.765397279,0.438974314,0.505717863,0.483544505,0.358838319,0.658476581,0.575870752,0.613743955,0.631193097,0.867202416,0.805595464,0.181672154,0.785786102,0.726649223,0.699386996,0.716966061,0.723039489
0.157601733,0.141383178,0.127196547,0.196845742,0.148046922,0.153390501,0.236531438,0.177914837,0.168739723,0.132844373,0.183228732,0.205164139,0.195793485,0.155146403,0.073676134,0.104322165,0.214150829,0.222997459,0.225763462,0.238940701,0.329665146,0.202438094,0.248182046,0.108407846,0.396173226,0.370229551,0.215803675,0.258204082,0.268044909,0.318691858,0.432980557,0.573904223,0.646582529,0.846183026,0.532769267,0.218511859,0.174392035,0.231816273,0.459152135,0.558305182,0.507133158,0.294641852,0.765397279,1,0.214588961,0.743510629,0.652770817,0.267442318,0.754383804,0.697844931,0.393460832,0.532611516,0.770613977,0.779452521,0.159251222,0.734482651,0.673476655,0.376379294,0.572398475,0.574623777
0.072768502,0.071157876,0.074146981,0.134382902,0.111032947,0.14154249,0.099220096,0.134641067,0.155357618,0.158497218,0.158285675,0.159146284,0.153426808,0.126371797,0.092947993,0.132572545,0.209116627,0.160101886,0.201830527,0.19895366,0.178772696,0.283774719,0.15107443,0.167127561,0.21193869,0.268985997,0.224987458,0.242178849,0.264354544,0.245287617,0.213661146,0.117288257,0.253508571,0.147730099,0.346374346,0.342015651,0.291507243,0.394824581,0.309492221,0.215698079,0.152123828,0.351278269,0.438974314,0.214588961,1,0.262739395,0.347549523,0.319201471,0.215160311,0.105397213,0.29997468,0.195531176,0.271290513,0.275709039,0.196037635,0.224077689,0.178352782,0.307266558,0.212897748,0.222626133
0.192565345,0.185136222,0.176965777,0.281246896,0.236957089,0.222663781,0.32788688,0.225684029,0.226142256,0.214449588,0.291426872,0.350049103,0.321792928,0.273630843,0.056225153,0.112170604,0.27822674,0.302420316,0.380323972,0.399394095,0.687606191,0.401400786,0.437158673,0.090631531,0.30992037,0.354536428,0.273244432,0.422714393,0.446395922,0.594304027,0.719250181,0.639141606,0.488095871,0.508487185,0.438852999,0.250275355,0.388576129,0.377607527,0.751568694,0.857238944,0.347773732,0.141941941,0.505717863,0.743510629,0.262739395,1,0.90241193,0.390019288,0.823800613,0.512089525,0.201865756,0.33675306,0.531903626,0.653136874,0.264635309,0.613707802,0.526705287,0.188805906,0.328367503,0.401480333
0.230001463,0.236286394,0.233121715,0.341144488,0.314919464,0.241478997,0.379931433,0.297043538,0.296097477,0.33566722,0.383553942,0.446451685,0.41453851,0.363677988,0.098593402,0.206893902,0.424536851,0.426809626,0.480679224,0.497093882,0.668395731,0.541174422,0.54705523,0.176706741,0.446366346,0.492215296,0.437917494,0.525777556,0.609479236,0.710532276,0.806242751,0.63382662,0.509945777,0.469499745,0.460555314,0.43718654,0.554550373,0.604142757,0.860770489,0.876496573,0.338384812,0.131920773,0.483544505,0.652770817,0.347549523,0.90241193,1,0.525851834,0.806624287,0.460342796,0.24758528,0.255684448,0.43298815,0.553359257,0.29439875,0.570037181,0.45280702,0.169702744,0.255078881,0.318447976
0.086348372,0.090385649,0.094881665,0.121174811,0.151317824,0.140121545,0.125043287,0.191915918,0.203338702,0.228129845,0.182988053,0.227190883,0.227208333,0.196512801,0.101467461,0.128537093,0.3429256,0.198408231,0.178132228,0.214226613,0.301319455,0.457702556,0.246339714,0.234906732,0.185883773,0.256444625,0.598529373,0.222690545,0.294658916,0.325514761,0.361738869,0.259163688,0.197504375,0.161718455,0.188501273,0.498011728,0.331365576,0.466164856,0.377987514,0.414830055,0.185137461,0.223761165,0.358838319,0.267442318,0.319201471,0.390019288,0.525851834,1,0.503276294,0.268300672,0.215368031,0.241023463,0.296403804,0.340484271,0.340083007,0.440856328,0.348122947,0.269988121,0.24343642,0.291502675
0.088906907,0.075822835,0.067579229,0.131189918,0.103321423,0.101459435,0.160901716,0.098926735,0.103059685,0.110859434,0.151054061,0.188772947,0.170341555,0.133399345,0.04314153,0.06017274,0.166700373,0.220426242,0.206590846,0.2295835,0.469103182,0.281068499,0.268520982,0.110871824,0.248133022,0.233611906,0.27470978,0.246584844,0.32055756,0.4108845,0.566375867,0.595732782,0.460837874,0.568312065,0.380103904,0.299314517,0.279343545,0.313482587,0.611260377,0.786971054,0.520315722,0.273472743,0.658476581,0.754383804,0.215160311,0.823800613,0.806624287,0.503276294,1,0.769982715,0.28048556,0.535599091,0.705235903,0.772394012,0.351727941,0.890472406,0.812371927,0.36413933,0.546574383,0.647578178
0.048315496,0.041805503,0.037952848,0.061875331,0.063031615,0.127370559,0.090859506,0.064872514,0.083248561,0.070579005,0.102447887,0.114519622,0.106935072,0.080542805,0.050717319,0.04870713,0.095727241,0.1455304,0.130103614,0.148737106,0.23349048,0.159375974,0.147273068,0.079469239,0.191548644,0.137819733,0.136144658,0.167009215,0.200998195,0.223070419,0.330712794,0.540995266,0.41268676,0.739637042,0.271307716,0.155106645,0.151879343,0.17470611,0.339129035,0.497728463,0.815362444,0.361303987,0.575870752,0.697844931,0.105397213,0.512089525,0.460342796,0.268300672,0.769982715,1,0.339882994,0.671850683,0.723788597,0.662256755,0.218212172,0.844624692,0.838117775,0.458042916,0.676262313,0.707615558
0.101767175,0.083366443,0.075027566,0.101041821,0.109822641,0.182467082,0.11568511,0.134738743,0.12169657,0.183188129,0.170389162,0.165730943,0.146975938,0.145638586,0.174485889,0.171974832,0.21064967,0.233903341,0.171630831,0.205784291,0.15048022,0.234551061,0.178697828,0.239981922,0.238351214,0.21508549,0.245872184,0.226941311,0.203642538,0.23044863,0.20062439,0.161106999,0.398896655,0.413362153,0.215302026,0.247474286,0.270759439,0.248270312,0.23209929,0.200799694,0.239523481,0.547830865,0.613743955,0.393460832,0.29997468,0.201865756,0.24758528,0.215368031,0.28048556,0.339882994,1,0.366336188,0.537900378,0.455855445,0.164323535,0.384863864,0.39168246,0.630929755,0.569369465,0.45050233
0.099584678,0.137477173,0.160564692,0.129055878,0.195119808,0.27236214,0.109419251,0.234910847,0.260766225,0.232855084,0.224315885,0.180095918,0.188506567,0.186587325,0.269564681,0.237566864,0.223970653,0.116700071,0.210342961,0.204959859,0.090893942,0.159948187,0.108613369,0.135224867,0.134139531,0.143639123,0.107604398,0.239797489,0.184947353,0.123379878,0.099425476,0.158971812,0.218636513,0.470746077,0.312551528,0.157777596,0.160182136,0.196213177,0.143390348,0.202238724,0.397942869,0.600080462,0.631193097,0.532611516,0.195531176,0.33675306,0.255684448,0.241023463,0.535599091,0.671850683,0.366336188,1,0.82789536,0.681709844,0.357644833,0.755256541,0.808024142,0.676804482,0.849922765,0.872490138
0.039485941,0.03238777,0.031160916,0.055589987,0.055342688,0.116098716,0.063495245,0.094396168,0.098291399,0.095077774,0.102075351,0.080869758,0.076855747,0.060041043,0.180093889,0.130518456,0.124088033,0.121955478,0.113445552,0.124594191,0.15468227,0.103770661,0.071442051,0.150598153,0.172809777,0.148341999,0.158413866,0.157494714,0.143601637,0.132796062,0.175552744,0.261154454,0.407211231,0.611104461,0.422099831,0.187944362,0.124117978,0.161768088,0.239899999,0.327163334,0.399140733,0.544594777,0.867202416,0.770613977,0.271290513,0.531903626,0.43298815,0.296403804,0.705235903,0.723788597,0.537900378,0.82789536,1,0.931440118,0.24634758,0.868793332,0.88248009,0.714049303,0.89842847,0.906049231
0.080630029,0.052736471,0.042257899,0.085368162,0.046193804,0.062714064,0.09661433,0.063936376,0.06612642,0.064859151,0.073847095,0.073586438,0.06591743,0.047019814,0.159923955,0.094994337,0.091147389,0.113133638,0.102502734,0.109066238,0.240849491,0.100748918,0.089250016,0.150432718,0.15987687,0.148699896,0.189460179,0.137069194,0.150729919,0.165764219,0.240281701,0.326254349,0.367689925,0.548404828,0.444186844,0.187795976,0.134430529,0.16356684,0.305689302,0.412085989,0.344454489,0.374315519,0.805595464,0.779452521,0.275709039,0.653136874,0.553359257,0.340484271,0.772394012,0.662256755,0.455855445,0.681709844,0.931440118,1,0.276047224,0.852784992,0.863275202,0.578457595,0.825088903,0.846064007
0.423057711,0.40602156,0.389472185,0.323556692,0.285192668,0.1223333,0.313883666,0.297443203,0.266084824,0.242899283,0.214084221,0.194265354,0.190499257,0.220073306,0.161614446,0.183281921,0.199366335,0.122800428,0.188354637,0.16674607,0.150683797,0.10053682,0.161136113,0.115624687,0.171248188,0.227592139,0.180465816,0.161486976,0.160787025,0.163475723,0.167767043,0.164248578,0.124091782,0.135580579,0.16106775,0.23080119,0.229289891,0.182290019,0.230149658,0.248184014,0.128340711,0.163895869,0.181672154,0.159251222,0.196037635,0.264635309,0.29439875,0.340083007,0.351727941,0.218212172,0.164323535,0.357644833,0.24634758,0.276047224,1,0.351252676,0.339038358,0.161006146,0.239658471,0.332774553
0.038932798,0.031902211,0.030035252,0.05504773,0.052687027,0.11349362,0.065376941,0.071973052,0.085089415,0.072232434,0.095128437,0.094280835,0.089011809,0.065177202,0.090067418,0.068853801,0.103136225,0.125013867,0.118206718,0.134692878,0.237886056,0.151497363,0.117117868,0.10141947,0.173934839,0.14277731,0.173056718,0.162451654,0.190561877,0.208951791,0.306048377,0.403113729,0.416490398,0.586446699,0.368891301,0.22270255,0.154583073,0.204946471,0.369534443,0.516670673,0.52132974,0.49325308,0.785786102,0.734482651,0.224077689,0.613707802,0.570037181,0.440856328,0.890472406,0.844624692,0.384863864,0.755256541,0.868793332,0.852784992,0.351252676,1,0.962643811,0.612726297,0.798228768,0.872798031
