1,0.928418082,0.89092091,0.885033397,0.865901398,0.821425134,0.869794935,0.86283374,0.848664513,0.819773352,0.824495899,0.842589684,0.806937101,0.720895313,0.781947623,0.805011427,0.802022672,0.759905046,0.687265811,0.74326162,0.77239107,0.742885149,0.685485711,0.739512263,0.762267133,0.747216168,0.722855461,0.674557217,0.708302171,0.732356709,0.692408567,0.642859266,0.731720501,0.718598748,0.714937391,0.709015027,0.676357065,0.673861285,0.67982933,0.651229632,0.599158638,0.608501641,0.651921084,0.676690129,0.678109718,0.658938296,0.668000945,0.644525295,0.605877184,0.516036104,0.517847937,0.510505746,0.593063711,0.596423587,0.581799635,0.489748068,0.477498932,0.449903304,0.519109239,0.455805362
0.928418082,1,0.916602632,0.888141218,0.871941901,0.819694091,0.865598169,0.856337495,0.839211294,0.816714651,0.820449689,0.838821865,0.791608095,0.71553385,0.778303572,0.797212617,0.791567368,0.747249345,0.672491922,0.730384919,0.759953902,0.731268988,0.673513967,0.726182738,0.746180598,0.731588469,0.707030813,0.654613545,0.690008586,0.712130015,0.67572035,0.631085085,0.712017047,0.697332428,0.696111679,0.688479157,0.650517425,0.651396615,0.660165278,0.630585028,0.582819487,0.60933228,0.643022292,0.661616594,0.659564053,0.637096678,0.644419107,0.629091187,0.588263133,0.501781344,0.525519325,0.51687037,0.591304883,0.589960058,0.574348636,0.482694904,0.477439966,0.45758607,0.525983577,0.45717726
0.89092091,0.916602632,1,0.874429864,0.879559705,0.779843034,0.850777775,0.849359999,0.834014556,0.805709589,0.823176915,0.841798894,0.818925682,0.763239711,0.753162568,0.78245479,0.780824957,0.737139061,0.66065972,0.732693884,0.779867124,0.768732751,0.713601512,0.71848999,0.742549448,0.727203522,0.701283789,0.645572381,0.689737102,0.727767198,0.701467503,0.667562773,0.720126078,0.709499222,0.701412075,0.692306457,0.66007895,0.662334075,0.680037711,0.658829502,0.626843425,0.619175663,0.655640991,0.676205873,0.676431616,0.65877626,0.663609433,0.651409612,0.614230111,0.532216437,0.536247959,0.526648187,0.605014121,0.611220956,0.581388577,0.499242049,0.479175399,0.476350148,0.538280429,0.462506155
0.885033397,0.888141218,0.874429864,1,0.854020195,0.842333314,0.889058303,0.87721364,0.861923398,0.835564635,0.833868789,0.843945079,0.802590592,0.698594775,0.803968926,0.827115723,0.822462849,0.780763388,0.709109661,0.755836153,0.775132304,0.733464205,0.666707908,0.757068343,0.77675087,0.763498568,0.738703565,0.687606239,0.717161684,0.731199265,0.682242093,0.624639865,0.730480198,0.717782503,0.717795758,0.715006321,0.680206726,0.673289411,0.669242233,0.635901809,0.579564198,0.595079657,0.643164542,0.669868667,0.67165892,0.651265369,0.660305741,0.630942025,0.591054231,0.505526453,0.506261756,0.500782007,0.583515737,0.577589302,0.572661116,0.479804723,0.471961893,0.43513369,0.500280571,0.443838314
0.865901398,0.871941901,0.879559705,0.854020195,1,0.719483647,0.820068459,0.836494729,0.833998663,0.817916926,0.835048823,0.90336915,0.864032301,0.827274113,0.698433069,0.750701048,0.772665713,0.745143661,0.672955284,0.756354641,0.813761403,0.82537446,0.787290695,0.681304502,0.732606037,0.733443115,0.716926058,0.6579366,0.716935862,0.773738952,0.768749235,0.747835664,0.70295848,0.719805207,0.717794182,0.712118783,0.689442188,0.704359714,0.736900921,0.725247677,0.695911457,0.614335553,0.660794705,0.692843725,0.698947065,0.692387383,0.698749413,0.702069673,0.661156701,0.574626515,0.540154816,0.52483614,0.60673607,0.62882097,0.592125817,0.514940301,0.473664118,0.489504026,0.555763881,0.467645812
0.821425134,0.819694091,0.779843034,0.842333314,0.719483647,1,0.874789971,0.828952601,0.804706439,0.784895846,0.76957737,0.726531445,0.642631477,0.498495428,0.892575123,0.858691432,0.813799398,0.766360682,0.715054703,0.706293335,0.674648526,0.567444746,0.474253504,0.801095876,0.783770449,0.745937283,0.714713093,0.689487623,0.669474147,0.625349778,0.532090171,0.447567294,0.707983726,0.663690524,0.666265103,0.664646447,0.617092898,0.584855519,0.544487182,0.491527031,0.408566686,0.52264366,0.566718982,0.584794571,0.574593386,0.537935874,0.555099337,0.495220881,0.455301351,0.364459977,0.408206869,0.417121297,0.490798526,0.44465034,0.475345517,0.364529628,0.384466818,0.316426412,0.360749586,0.33821079
0.869794935,0.865598169,0.850777775,0.889058303,0.820068459,0.874789971,1,0.900546654,0.866194314,0.832808227,0.828080766,0.821707699,0.769991007,0.651417353,0.848473158,0.864832949,0.845516156,0.798837301,0.724434477,0.757208682,0.764734431,0.700877313,0.624017941,0.798448628,0.807617567,0.783686087,0.750697073,0.700719528,0.718133136,0.715055533,0.653923241,0.585882792,0.74784812,0.724576543,0.724562191,0.716882894,0.67412532,0.659151348,0.646634691,0.607633188,0.545383245,0.59059601,0.637546877,0.660672249,0.654992514,0.62767259,0.639437609,0.603650709,0.565587046,0.484465652,0.489214525,0.487650804,0.567068309,0.54242141,0.555393077,0.462938818,0.454948846,0.409865637,0.465837882,0.425583247
0.86283374,0.856337495,0.849359999,0.87721364,0.836494729,0.828952601,0.900546654,1,0.935607947,0.897018448,0.880581317,0.863789312,0.805941845,0.686333176,0.829323072,0.885376237,0.917520964,0.882376494,0.796400726,0.828134618,0.829486848,0.760481214,0.671200347,0.806967284,0.844103115,0.846261414,0.822108482,0.762915097,0.786965684,0.782595355,0.721252987,0.641818698,0.770686268,0.76949759,0.780810598,0.779679234,0.740943997,0.72886031,0.7151496,0.674697586,0.605655784,0.61665699,0.674431889,0.709259947,0.708539912,0.687277714,0.699596464,0.665456987,0.623034017,0.537565556,0.517289416,0.514681243,0.600380343,0.577727303,0.59471455,0.499833823,0.470018808,0.437321799,0.492068246,0.448388175
0.848664513,0.839211294,0.834014556,0.861923398,0.833998663,0.804706439,0.866194314,0.935607947,1,0.953731645,0.922018765,0.884985145,0.815225465,0.689359335,0.813688118,0.879730042,0.937885488,0.930293779,0.864072746,0.886317641,0.872126806,0.790266486,0.68747645,0.805003156,0.854477392,0.873280883,0.864002062,0.813419574,0.837557994,0.826787095,0.759666891,0.668640149,0.762909408,0.777876977,0.800083192,0.810898685,0.781311976,0.770249993,0.752694186,0.708906612,0.624975271,0.599705599,0.66720702,0.71439422,0.72074902,0.707822579,0.725089486,0.685766241,0.636084644,0.540284076,0.497165977,0.49581387,0.586748357,0.565908682,0.587419535,0.484675301,0.437452916,0.416117203,0.466365497,0.421565684
0.819773352,0.816714651,0.805709589,0.835564635,0.817916926,0.784895846,0.832808227,0.897018448,0.953731645,1,0.95992861,0.89894803,0.802067761,0.671208868,0.788047307,0.856041584,0.925828433,0.948435772,0.925430385,0.940080532,0.899230251,0.801144073,0.686555952,0.771653248,0.838887865,0.875766893,0.888582381,0.856807111,0.879134593,0.858901926,0.782887842,0.680500193,0.727785116,0.758362617,0.794215003,0.823808397,0.806690568,0.797778904,0.775281594,0.724815554,0.621120655,0.568562198,0.640193607,0.699940449,0.716340106,0.713141267,0.734534994,0.686690907,0.622217827,0.503580304,0.464936625,0.466399333,0.561201234,0.547147765,0.558965315,0.437312993,0.380959189,0.383183936,0.42880914,0.370249563
0.824495899,0.820449689,0.823176915,0.833868789,0.835048823,0.76957737,0.828080766,0.880581317,0.922018765,0.95992861,1,0.890004908,0.81445351,0.689167432,0.7822824,0.845908454,0.900457698,0.913823587,0.893038141,0.947880584,0.933977696,0.835578796,0.701356049,0.780558716,0.839193952,0.865841009,0.871737987,0.842336202,0.880438085,0.872047625,0.801237337,0.691460134,0.746703973,0.774072684,0.803298528,0.824546258,0.807808337,0.805634489,0.790645091,0.743517137,0.639850267,0.593431364,0.662939704,0.71765404,0.731012378,0.725994924,0.749265069,0.70808293,0.65140825,0.538774659,0.488010035,0.487639698,0.581451052,0.56701481,0.589554612,0.473120371,0.414145786,0.404237499,0.454803474,0.404726363
0.842589684,0.838821865,0.841798894,0.843945079,0.90336915,0.726531445,0.821707699,0.863789312,0.884985145,0.89894803,0.890004908,1,0.928636768,0.807916338,0.723196597,0.790771529,0.83872848,0.839278022,0.787581262,0.857194187,0.883666958,0.858203292,0.799872297,0.723503099,0.794842775,0.815275454,0.813323365,0.765264692,0.823982202,0.859441962,0.833735889,0.772749428,0.738272225,0.771717275,0.78678145,0.795798953,0.781750418,0.794050488,0.810125284,0.786338884,0.725666975,0.621443665,0.686159996,0.735820446,0.749864592,0.750392402,0.763867699,0.752138772,0.704308414,0.60783686,0.538067535,0.527421182,0.619633388,0.632086136,0.623049976,0.5338099,0.468930488,0.476601707,0.537513696,0.467209002
0.806937101,0.791608095,0.818925682,0.802590592,0.864032301,0.642631477,0.769991007,0.805941845,0.815225465,0.802067761,0.81445351,0.928636768,1,0.860630348,0.638001223,0.709767823,0.751724409,0.739887709,0.672149187,0.765100017,0.830486518,0.860501659,0.833719589,0.648911736,0.719561207,0.733199935,0.721281362,0.658854319,0.734910109,0.806717246,0.817105454,0.787537112,0.68586593,0.72210438,0.724418796,0.723598648,0.713791617,0.735054716,0.772647306,0.769328292,0.744799129,0.590888629,0.651106495,0.696312515,0.712929058,0.721143159,0.725853925,0.732485353,0.697041284,0.628334985,0.529164928,0.511058516,0.598236659,0.634062596,0.603678729,0.545721254,0.476134456,0.492304177,0.558043689,0.481656607
0.720895313,0.71553385,0.763239711,0.698594775,0.827274113,0.498495428,0.651417353,0.686333176,0.689359335,0.671208868,0.689167432,0.807916338,0.860630348,1,0.490889951,0.56351149,0.605386063,0.590161184,0.514961991,0.628699367,0.732392747,0.836652484,0.869578624,0.507589662,0.583993873,0.594770104,0.580815012,0.511633295,0.603914858,0.715544639,0.779450293,0.810736143,0.585656296,0.627657865,0.618164989,0.605107743,0.600173482,0.639082953,0.716760308,0.741850176,0.771119103,0.554115669,0.593205509,0.627704831,0.641798736,0.657931537,0.653302369,0.699408598,0.673756141,0.625740642,0.518447853,0.488900896,0.559857776,0.629189608,0.556030907,0.53412182,0.450752413,0.519113245,0.585717898,0.481881266
0.781947623,0.778303572,0.753162568,0.803968926,0.698433069,0.892575123,0.848473158,0.829323072,0.813688118,0.788047307,0.7822824,0.723196597,0.638001223,0.490889951,1,0.874869835,0.843519839,0.801412579,0.748918992,0.741356245,0.706608016,0.579336238,0.478511702,0.880583608,0.849242864,0.803135433,0.765111562,0.739034681,0.716736781,0.659360463,0.558931665,0.45944059,0.775462525,0.731811508,0.732493609,0.721997731,0.670114111,0.633364717,0.586187653,0.528612483,0.436008949,0.578017214,0.624420922,0.641084079,0.62333878,0.582009577,0.601430603,0.536421477,0.500510536,0.414360473,0.44690367,0.458290923,0.5317299,0.465721374,0.521229626,0.4111643,0.405370685,0.343112702,0.377261512,0.371255726
0.805011427,0.797212617,0.78245479,0.827115723,0.750701048,0.858691432,0.864832949,0.885376237,0.879730042,0.856041584,0.845908454,0.790771529,0.709767823,0.56351149,0.874869835,1,0.937762329,0.883661754,0.819231391,0.82044522,0.790545231,0.673450057,0.562592189,0.870996389,0.903925536,0.889716802,0.84803396,0.803678772,0.794591194,0.749896992,0.659762841,0.55605051,0.799121701,0.791604527,0.804957519,0.797604818,0.74873295,0.71899284,0.678744171,0.625224573,0.530227074,0.612060138,0.673572133,0.704793648,0.690755516,0.655469869,0.676102561,0.620633073,0.577897786,0.482598111,0.484468179,0.493852107,0.575592182,0.51299173,0.562802738,0.450856454,0.42420945,0.381025166,0.414266487,0.39299767
0.802022672,0.791567368,0.780824957,0.822462849,0.772665713,0.813799398,0.845516156,0.917520964,0.937885488,0.925828433,0.900457698,0.83872848,0.751724409,0.605386063,0.843519839,0.937762329,1,0.972977792,0.90495807,0.901665185,0.859902702,0.739866277,0.617283495,0.848902264,0.91744327,0.948865689,0.931410216,0.877692992,0.875199193,0.828868133,0.735428503,0.617963515,0.789958654,0.816011488,0.852206375,0.865427935,0.827000804,0.799718689,0.753717803,0.694916175,0.587578529,0.613020003,0.68896208,0.742412338,0.744228024,0.723428307,0.742393743,0.68192381,0.626936893,0.521808176,0.497498732,0.504992318,0.597512922,0.549453661,0.592896121,0.47242035,0.420234318,0.399177742,0.434993617,0.402128587
0.759905046,0.747249345,0.737139061,0.780763388,0.745143661,0.766360682,0.798837301,0.882376494,0.930293779,0.948435772,0.913823587,0.839278022,0.739887709,0.590161184,0.801412579,0.883661754,0.972977792,1,0.967356063,0.947836943,0.884054573,0.748226585,0.617006302,0.81503262,0.894281961,0.948034128,0.96296338,0.933027135,0.924486636,0.86399056,0.761096091,0.629838772,0.761996272,0.803358461,0.854345094,0.888463347,0.867041885,0.839868747,0.785198807,0.721024813,0.59384077,0.57796086,0.664506623,0.733058728,0.746639984,0.737751465,0.762997838,0.694811844,0.633259406,0.516857091,0.463784249,0.471624408,0.569648457,0.52961345,0.580901316,0.454070325,0.386099201,0.368190376,0.404318037,0.375780475
0.687265811,0.672491922,0.66065972,0.709109661,0.672955284,0.715054703,0.724434477,0.796400726,0.864072746,0.925430385,0.893038141,0.787581262,0.672149187,0.514961991,0.748918992,0.819231391,0.90495807,0.967356063,1,0.958975884,0.862906632,0.701002849,0.556704593,0.762737034,0.836798951,0.895990955,0.936681504,0.949032956,0.927396862,0.845214361,0.726304514,0.585755829,0.694122233,0.740845739,0.798645498,0.852044745,0.849400192,0.819949021,0.753980774,0.685103865,0.540156176,0.500897835,0.591255449,0.66637475,0.686528428,0.684863352,0.719918437,0.642056057,0.575076458,0.446191035,0.386490638,0.398067403,0.493352039,0.451515642,0.507373248,0.375561481,0.308614064,0.294430176,0.319931088,0.29577696
0.74326162,0.730384919,0.732693884,0.755836153,0.756354641,0.706293335,0.757208682,0.828134618,0.886317641,0.940080532,0.947880584,0.857194187,0.765100017,0.628699367,0.741356245,0.82044522,0.901665185,0.947836943,0.958975884,1,0.959138425,0.825404913,0.670229727,0.769015356,0.849754809,0.902759567,0.932320902,0.925380051,0.959197634,0.924450464,0.831347242,0.68907091,0.739614884,0.791852552,0.839524488,0.880461228,0.880388656,0.875956374,0.841811004,0.783102746,0.652790001,0.58425096,0.668191209,0.739007938,0.760548911,0.764484885,0.794733947,0.741514889,0.677808173,0.554690059,0.477080193,0.481973046,0.580342869,0.553411006,0.597926842,0.472593058,0.387035106,0.386964828,0.422159131,0.384027072
0.77239107,0.759953902,0.779867124,0.775132304,0.813761403,0.674648526,0.764734431,0.829486848,0.872126806,0.899230251,0.933977696,0.883666958,0.830486518,0.732392747,0.706608016,0.790545231,0.859902702,0.884054573,0.862906632,0.959138425,1,0.928295015,0.762916647,0.7445756,0.826629336,0.864898806,0.876102725,0.847164799,0.921500545,0.946266939,0.895948362,0.765477159,0.748821457,0.801678942,0.833574901,0.85392852,0.851692301,0.869944734,0.875416842,0.837194247,0.732279964,0.621319462,0.697841637,0.760133535,0.778242406,0.785123241,0.811206118,0.79030101,0.738364161,0.63362227,0.52698615,0.521930385,0.616834186,0.610925452,0.642817513,0.542321452,0.448636726,0.451498115,0.500215811,0.454847531
0.742885149,0.731268988,0.768732751,0.733464205,0.82537446,0.567444746,0.700877313,0.760481214,0.790266486,0.801144073,0.835578796,0.858203292,0.860501659,0.836652484,0.579336238,0.673450057,0.739866277,0.748226585,0.701002849,0.825404913,0.928295015,1,0.853303733,0.612452723,0.705673089,0.739739409,0.742443811,0.687532246,0.790919988,0.886779527,0.914127751,0.841844987,0.655044145,0.71984525,0.735547057,0.743896129,0.747023271,0.788260719,0.842528284,0.842342119,0.795545151,0.5823408,0.646642162,0.702631196,0.724518575,0.744590405,0.757390152,0.779739964,0.735500648,0.655156829,0.524844662,0.506310894,0.591205109,0.627926282,0.606257461,0.542153666,0.444794042,0.488801767,0.545146323,0.462066479
0.685485711,0.673513967,0.713601512,0.666707908,0.787290695,0.474253504,0.624017941,0.671200347,0.68747645,0.686555952,0.701356049,0.799872297,0.833719589,0.869578624,0.478511702,0.562592189,0.617283495,0.617006302,0.556704593,0.670229727,0.762916647,0.853303733,1,0.508455294,0.600589278,0.622606271,0.619347941,0.558338318,0.65485181,0.767535201,0.835908298,0.88031281,0.587281189,0.650612119,0.64911277,0.643122508,0.646834899,0.693550266,0.775380921,0.804033159,0.820476977,0.556914723,0.606681244,0.650326235,0.665966316,0.686845485,0.691258428,0.744020611,0.71247278,0.647764592,0.515488516,0.488793634,0.56247802,0.621342801,0.56194226,0.528259506,0.430483783,0.506380438,0.5622982,0.457650332
0.739512263,0.726182738,0.71848999,0.757068343,0.681304502,0.801095876,0.798448628,0.806967284,0.805003156,0.771653248,0.780558716,0.723503099,0.648911736,0.507589662,0.880583608,0.870996389,0.848902264,0.81503262,0.762737034,0.769015356,0.7445756,0.612452723,0.508455294,1,0.908346623,0.853520299,0.808364255,0.781475512,0.765625393,0.708066072,0.613539893,0.505590425,0.841807535,0.821066956,0.814884568,0.788981121,0.738016046,0.703275614,0.658132574,0.604910907,0.509824598,0.654707616,0.710709447,0.725293396,0.696341184,0.650435315,0.673737392,0.617083864,0.592918371,0.515015905,0.512680952,0.524574184,0.596472187,0.509384622,0.59319356,0.49555901,0.458862118,0.397300969,0.420730975,0.433279353
0.762267133,0.746180598,0.742549448,0.77675087,0.732606037,0.783770449,0.807617567,0.844103115,0.854477392,0.838887865,0.839193952,0.794842775,0.719561207,0.583993873,0.849242864,0.903925536,0.91744327,0.894281961,0.836798951,0.849754809,0.826629336,0.705673089,0.600589278,0.908346623,1,0.96150675,0.913356725,0.869065718,0.861244393,0.814787468,0.726203276,0.609002695,0.890314688,0.924856278,0.930030722,0.902104901,0.85070929,0.819937371,0.776037966,0.722193451,0.612506056,0.711808594,0.792730542,0.830215546,0.80488174,0.763516115,0.783337949,0.727885342,0.690906763,0.592152254,0.572405874,0.582509061,0.668919958,0.592382812,0.660964618,0.552074194,0.490355164,0.45724271,0.486649713,0.477666165
0.747216168,0.731588469,0.727203522,0.763498568,0.733443115,0.745937283,0.783686087,0.846261414,0.873280883,0.875766893,0.865841009,0.815275454,0.733199935,0.594770104,0.803135433,0.889716802,0.948865689,0.948034128,0.895990955,0.902759567,0.864898806,0.739739409,0.622606271,0.853520299,0.96150675,1,0.97977097,0.928600632,0.921938916,0.868502445,0.773821095,0.641381047,0.850612453,0.908790505,0.952293146,0.955683167,0.915489875,0.884345123,0.827014936,0.764863145,0.641621242,0.689042187,0.782107508,0.845672595,0.842792248,0.81750757,0.834139352,0.768742162,0.717220357,0.607772416,0.569929325,0.579992726,0.678185126,0.617412375,0.680289315,0.556815225,0.476682738,0.461333014,0.493265255,0.472611938
0.722855461,0.707030813,0.701283789,0.738703565,0.716926058,0.714713093,0.750697073,0.822108482,0.864002062,0.888582381,0.871737987,0.813323365,0.721281362,0.580815012,0.765111562,0.84803396,0.931410216,0.96296338,0.936681504,0.932320902,0.876102725,0.742443811,0.619347941,0.808364255,0.913356725,0.97977097,1,0.971855088,0.957874384,0.891769326,0.788338231,0.648549315,0.806561787,0.872202183,0.931683508,0.966741939,0.947595529,0.915944164,0.848212873,0.780433855,0.645031572,0.653627382,0.751373507,0.828016256,0.842633846,0.831166959,0.851032223,0.779268954,0.718172767,0.593769291,0.543448499,0.554190976,0.658533302,0.610488779,0.669508803,0.534398119,0.44937398,0.438803599,0.471809183,0.444428445
0.674557217,0.654613545,0.645572381,0.687606239,0.6579366,0.689487623,0.700719528,0.762915097,0.813419574,0.856807111,0.842336202,0.765264692,0.658854319,0.511633295,0.739034681,0.803678772,0.877692992,0.933027135,0.949032956,0.925380051,0.847164799,0.687532246,0.558338318,0.781475512,0.869065718,0.928600632,0.971855088,1,0.965747007,0.875444977,0.749723657,0.59753841,0.770941999,0.827937523,0.887990042,0.939579444,0.942597458,0.908066737,0.828472303,0.752326617,0.592690073,0.598253931,0.699235589,0.777993301,0.797829463,0.791068922,0.824946792,0.743472191,0.681362678,0.538353248,0.477665498,0.4916107,0.597045345,0.551302707,0.62521816,0.482584145,0.407602645,0.371019703,0.406973484,0.394727172
0.708302171,0.690008586,0.689737102,0.717161684,0.716935862,0.669474147,0.718133136,0.786965684,0.837557994,0.879134593,0.880438085,0.823982202,0.734910109,0.603914858,0.716736781,0.794591194,0.875199193,0.924486636,0.927396862,0.959197634,0.921500545,0.790919988,0.65485181,0.765625393,0.861244393,0.921938916,0.957874384,0.965747007,1,0.958090025,0.853260172,0.688829783,0.773827111,0.838887524,0.894016464,0.94016122,0.952034498,0.954420065,0.909635958,0.84077273,0.68681843,0.631207692,0.726190881,0.804684669,0.832242338,0.839761125,0.875134344,0.819787766,0.757276645,0.622548458,0.527279606,0.533116627,0.63907192,0.615124203,0.683013823,0.551358895,0.456082668,0.431631191,0.477282705,0.455203795
0.732356709,0.712130015,0.727767198,0.731199265,0.773738952,0.625349778,0.715055533,0.782595355,0.826787095,0.858901926,0.872047625,0.859441962,0.806717246,0.715544639,0.659360463,0.749896992,0.828868133,0.86399056,0.845214361,0.924450464,0.946266939,0.886779527,0.767535201,0.708066072,0.814787468,0.868502445,0.891769326,0.875444977,0.958090025,1,0.951071405,0.796993779,0.745477537,0.820233386,0.861442582,0.894218681,0.910959559,0.948379473,0.962234948,0.922302289,0.788995076,0.633154402,0.722544291,0.798690415,0.829796734,0.850027479,0.885641519,0.870803677,0.812639618,0.683541042,0.548038635,0.54315797,0.647797509,0.658537516,0.696108084,0.586809899,0.481216855,0.475847781,0.53354637,0.487354188
0.692408567,0.67572035,0.701467503,0.682242093,0.768749235,0.532090171,0.653923241,0.721252987,0.759666891,0.782887842,0.801237337,0.833735889,0.817105454,0.779450293,0.558931665,0.659762841,0.735428503,0.761096091,0.726304514,0.831347242,0.895948362,0.914127751,0.835908298,0.613539893,0.726203276,0.773821095,0.788338231,0.749723657,0.853260172,0.951071405,1,0.868979549,0.675387166,0.761354637,0.789427521,0.806320195,0.822687908,0.879538731,0.94154733,0.949379883,0.858643282,0.610668767,0.688017326,0.755078599,0.782224978,0.808898438,0.837707427,0.868553329,0.824518146,0.720948632,0.551074782,0.536202953,0.626765198,0.657633958,0.670625106,0.594673758,0.479141214,0.504765778,0.560689412,0.494063632
0.642859266,0.631085085,0.667562773,0.624639865,0.747835664,0.447567294,0.585882792,0.641818698,0.668640149,0.680500193,0.691460134,0.772749428,0.787537112,0.810736143,0.45944059,0.55605051,0.617963515,0.629838772,0.585755829,0.68907091,0.765477159,0.841844987,0.88031281,0.505590425,0.609002695,0.641381047,0.648549315,0.59753841,0.688829783,0.796993779,0.868979549,1,0.58399432,0.667851313,0.674019575,0.673723072,0.684332447,0.737278146,0.821824898,0.860258402,0.870593681,0.556725765,0.618983093,0.668674358,0.681567089,0.70233696,0.719517984,0.783846269,0.751114708,0.668666237,0.509885371,0.488654718,0.562399618,0.599025188,0.563809012,0.519304589,0.414101432,0.486506623,0.52622335,0.426768199
0.731720501,0.712017047,0.720126078,0.730480198,0.70295848,0.707983726,0.74784812,0.770686268,0.762909408,0.727785116,0.746703973,0.738272225,0.68586593,0.585656296,0.775462525,0.799121701,0.789958654,0.761996272,0.694122233,0.739614884,0.748821457,0.655044145,0.587281189,0.841807535,0.890314688,0.850612453,0.806561787,0.770941999,0.773827111,0.745477537,0.675387166,0.58399432,1,0.952095105,0.908407009,0.857352724,0.806534748,0.781618483,0.75370336,0.714274487,0.639889935,0.864204135,0.90616158,0.894160561,0.848521122,0.790581933,0.799521916,0.761762316,0.75235816,0.673209136,0.714987654,0.722091959,0.785361969,0.696048104,0.753854987,0.669173994,0.615826978,0.592266451,0.6122094,0.607407685
0.718598748,0.697332428,0.709499222,0.717782503,0.719805207,0.663690524,0.724576543,0.76949759,0.777876977,0.758362617,0.774072684,0.771717275,0.72210438,0.627657865,0.731811508,0.791604527,0.816011488,0.803358461,0.740845739,0.791852552,0.801678942,0.71984525,0.650612119,0.821066956,0.924856278,0.908790505,0.872202183,0.827937523,0.838887524,0.820233386,0.761354637,0.667851313,0.952095105,1,0.977744056,0.931407702,0.886207936,0.868713087,0.842534585,0.806743289,0.722397825,0.859586691,0.937535912,0.955634288,0.91713556,0.866613124,0.875401129,0.847265962,0.827760959,0.733502739,0.73611768,0.743420982,0.819708821,0.737719817,0.789161285,0.698102047,0.622464948,0.620861863,0.640617326,0.617154318
0.714937391,0.696111679,0.701412075,0.717795758,0.717794182,0.666265103,0.724562191,0.780810598,0.800083192,0.794215003,0.803298528,0.78678145,0.724418796,0.618164989,0.732493609,0.804957519,0.852206375,0.854345094,0.798645498,0.839524488,0.833574901,0.735547057,0.64911277,0.814884568,0.930030722,0.952293146,0.931683508,0.887990042,0.894016464,0.861442582,0.789427521,0.674019575,0.908407009,0.977744056,1,0.978453101,0.938504043,0.917513038,0.875612429,0.826767056,0.719208078,0.809552459,0.903104744,0.952457728,0.934735327,0.896392264,0.906300242,0.864623077,0.830858848,0.72521854,0.699828543,0.708477284,0.800529907,0.732869294,0.793836562,0.686038952,0.598368571,0.589029589,0.619269124,0.599550576
0.709015027,0.688479157,0.692306457,0.715006321,0.712118783,0.664646447,0.716882894,0.779679234,0.810898685,0.823808397,0.824546258,0.795798953,0.723598648,0.605107743,0.721997731,0.797604818,0.865427935,0.888463347,0.852044745,0.880461228,0.85392852,0.743896129,0.643122508,0.788981121,0.902104901,0.955683167,0.966741939,0.939579444,0.94016122,0.894218681,0.806320195,0.673723072,0.857352724,0.931407702,0.978453101,1,0.984092079,0.957949679,0.896200117,0.835266199,0.711046361,0.752264504,0.852162449,0.924565918,0.93815652,0.922340916,0.932437059,0.868432361,0.81736395,0.694827137,0.654759217,0.665218569,0.772662426,0.728054712,0.780251106,0.650373118,0.552780507,0.550971889,0.585425475,0.55610092
0.676357065,0.650517425,0.66007895,0.680206726,0.689442188,0.617092898,0.67412532,0.740943997,0.781311976,0.806690568,0.807808337,0.781750418,0.713791617,0.600173482,0.670114111,0.74873295,0.827000804,0.867041885,0.849400192,0.880388656,0.851692301,0.747023271,0.646834899,0.738016046,0.85070929,0.915489875,0.947595529,0.942597458,0.952034498,0.910959559,0.822687908,0.684332447,0.806534748,0.886207936,0.938504043,0.984092079,1,0.981510091,0.917783292,0.855858472,0.725490207,0.706075303,0.808620428,0.892228512,0.92774004,0.935299803,0.9502329,0.881853842,0.824547719,0.693687333,0.619375288,0.628619868,0.743207899,0.723310173,0.771015561,0.637588815,0.526273387,0.526501325,0.564199075,0.533073507
0.673861285,0.651396615,0.662334075,0.673289411,0.704359714,0.584855519,0.659151348,0.72886031,0.770249993,0.797778904,0.805634489,0.794050488,0.735054716,0.639082953,0.633364717,0.71899284,0.799718689,0.839868747,0.819949021,0.875956374,0.869944734,0.788260719,0.693550266,0.703275614,0.819937371,0.884345123,0.915944164,0.908066737,0.954420065,0.948379473,0.879538731,0.737278146,0.781618483,0.868713087,0.917513038,0.957949679,0.981510091,1,0.968310689,0.915373302,0.782657655,0.704393952,0.802110741,0.88285199,0.920530423,0.938724467,0.966173584,0.929653783,0.873813719,0.741051028,0.630759091,0.63290502,0.742970658,0.741935729,0.795991948,0.672469859,0.554256098,0.548677067,0.598136046,0.564037897
0.67982933,0.660165278,0.680037711,0.669242233,0.736900921,0.544487182,0.646634691,0.7151496,0.752694186,0.775281594,0.790645091,0.810125284,0.772647306,0.716760308,0.586187653,0.678744171,0.753717803,0.785198807,0.753980774,0.841811004,0.875416842,0.842528284,0.775380921,0.658132574,0.776037966,0.827014936,0.848212873,0.828472303,0.909635958,0.962234948,0.94154733,0.821824898,0.75370336,0.842534585,0.875612429,0.896200117,0.917783292,0.968310689,1,0.978344026,0.866965435,0.701104293,0.786826929,0.856314055,0.884163756,0.90546573,0.941954964,0.957206071,0.912645479,0.785203891,0.633068473,0.625305365,0.724881166,0.742664789,0.784001668,0.688816971,0.564621962,0.568818454,0.625164324,0.578591678
0.651229632,0.630585028,0.658829502,0.635901809,0.725247677,0.491527031,0.607633188,0.674697586,0.708906612,0.724815554,0.743517137,0.786338884,0.769328292,0.741850176,0.528612483,0.625224573,0.694916175,0.721024813,0.685103865,0.783102746,0.837194247,0.842342119,0.804033159,0.604910907,0.722193451,0.764863145,0.780433855,0.752326617,0.84077273,0.922302289,0.949379883,0.860258402,0.714274487,0.806743289,0.826767056,0.835266199,0.855858472,0.915373302,0.978344026,1,0.924246176,0.680418301,0.761675402,0.822816408,0.843976779,0.86555672,0.903108875,0.951330139,0.92819986,0.819253995,0.623062821,0.610106013,0.701114914,0.726604784,0.762363573,0.694365222,0.571687181,0.573078143,0.62877264,0.57862372
0.599158638,0.582819487,0.626843425,0.579564198,0.695911457,0.408566686,0.545383245,0.605655784,0.624975271,0.621120655,0.639850267,0.725666975,0.744799129,0.771119103,0.436008949,0.530227074,0.587578529,0.59384077,0.540156176,0.652790001,0.732279964,0.795545151,0.820476977,0.509824598,0.612506056,0.641621242,0.645031572,0.592690073,0.68681843,0.788995076,0.858643282,0.870593681,0.639889935,0.722397825,0.719208078,0.711046361,0.725490207,0.782657655,0.866965435,0.924246176,1,0.668230292,0.723632384,0.761356172,0.772266229,0.791223063,0.807702057,0.891178315,0.896605209,0.853942733,0.644361212,0.624840128,0.692655521,0.721444484,0.713410274,0.697850487,0.572714024,0.629181278,0.654904055,0.578919733
0.608501641,0.60933228,0.619175663,0.595079657,0.614335553,0.52264366,0.59059601,0.61665699,0.599705599,0.568562198,0.593431364,0.621443665,0.590888629,0.554115669,0.578017214,0.612060138,0.613020003,0.57796086,0.500897835,0.58425096,0.621319462,0.5823408,0.556914723,0.654707616,0.711808594,0.689042187,0.653627382,0.598253931,0.631207692,0.633154402,0.610668767,0.556725765,0.864204135,0.859586691,0.809552459,0.752264504,0.706075303,0.704393952,0.701104293,0.680418301,0.668230292,1,0.969112481,0.912387283,0.860710601,0.799841816,0.780391052,0.786654184,0.788847452,0.743897556,0.937335297,0.944260521,0.938739565,0.834659848,0.836047215,0.7764297,0.706934401,0.840419468,0.792641267,0.727490452
0.651921084,0.643022292,0.655640991,0.643164542,0.660794705,0.566718982,0.637546877,0.674431889,0.66720702,0.640193607,0.662939704,0.686159996,0.651106495,0.593205509,0.624420922,0.673572133,0.68896208,0.664506623,0.591255449,0.668191209,0.697841637,0.646642162,0.606681244,0.710709447,0.792730542,0.782107508,0.751373507,0.699235589,0.726190881,0.722544291,0.688017326,0.618983093,0.90616158,0.937535912,0.903104744,0.852162449,0.808620428,0.802110741,0.786826929,0.761675402,0.723632384,0.969112481,1,0.977712612,0.933446549,0.873919763,0.862067338,0.857479784,0.852725446,0.785088245,0.903499576,0.912865914,0.947551659,0.848849982,0.866679429,0.793379284,0.721565677,0.802274155,0.781435636,0.72698148
0.676690129,0.661616594,0.676205873,0.669868667,0.692843725,0.584794571,0.660672249,0.709259947,0.71439422,0.699940449,0.71765404,0.735820446,0.696312515,0.627704831,0.641084079,0.704793648,0.742412338,0.733058728,0.66637475,0.739007938,0.760133535,0.702631196,0.650326235,0.725293396,0.830215546,0.845672595,0.828016256,0.777993301,0.804684669,0.798690415,0.755078599,0.668674358,0.894160561,0.955634288,0.952457728,0.924565918,0.892228512,0.88285199,0.856314055,0.822816408,0.761356172,0.912387283,0.977712612,1,0.981673731,0.939643406,0.929158386,0.906488657,0.885025388,0.795962243,0.849585073,0.858149782,0.93073188,0.865481232,0.879499662,0.785791045,0.693102768,0.757622812,0.761723397,0.705660386
0.678109718,0.659564053,0.676431616,0.67165892,0.698947065,0.574593386,0.654992514,0.708539912,0.72074902,0.716340106,0.731012378,0.749864592,0.712929058,0.641798736,0.62333878,0.690755516,0.744228024,0.746639984,0.686528428,0.760548911,0.778242406,0.724518575,0.665966316,0.696341184,0.80488174,0.842792248,0.842633846,0.797829463,0.832242338,0.829796734,0.782224978,0.681567089,0.848521122,0.91713556,0.934735327,0.93815652,0.92774004,0.920530423,0.884163756,0.843976779,0.772266229,0.860710601,0.933446549,0.981673731,1,0.984780636,0.970623555,0.928910582,0.893994893,0.795925931,0.817770647,0.823788865,0.91903627,0.898570288,0.896524293,0.786846012,0.675264672,0.743986196,0.766203552,0.702115399
0.658938296,0.637096678,0.65877626,0.651265369,0.692387383,0.537935874,0.62767259,0.687277714,0.707822579,0.713141267,0.725994924,0.750392402,0.721143159,0.657931537,0.582009577,0.655469869,0.723428307,0.737751465,0.684863352,0.764484885,0.785123241,0.744590405,0.686845485,0.650435315,0.763516115,0.81750757,0.831166959,0.791068922,0.839761125,0.850027479,0.808898438,0.70233696,0.790581933,0.866613124,0.896392264,0.922340916,0.935299803,0.938724467,0.90546573,0.86555672,0.791223063,0.799841816,0.873919763,0.939643406,0.984780636,1,0.987516913,0.941744903,0.897953575,0.797687986,0.769886559,0.771489261,0.877545891,0.898960605,0.889022984,0.776528372,0.642433887,0.714323501,0.749206656,0.682374597
0.668000945,0.644419107,0.663609433,0.660305741,0.698749413,0.555099337,0.639437609,0.699596464,0.725089486,0.734534994,0.749265069,0.763867699,0.725853925,0.653302369,0.601430603,0.676102561,0.742393743,0.762997838,0.719918437,0.794733947,0.811206118,0.757390152,0.691258428,0.673737392,0.783337949,0.834139352,0.851032223,0.824946792,0.875134344,0.885641519,0.837707427,0.719517984,0.799521916,0.875401129,0.906300242,0.932437059,0.9502329,0.966173584,0.941954964,0.903108875,0.807702057,0.780391052,0.862067338,0.929158386,0.970623555,0.987516913,1,0.964859519,0.924316336,0.80841898,0.733059024,0.733887142,0.842780611,0.862754718,0.890581168,0.776048966,0.647109303,0.667295042,0.718316686,0.674296835
0.644525295,0.629091187,0.651409612,0.630942025,0.702069673,0.495220881,0.603650709,0.665456987,0.685766241,0.686690907,0.70808293,0.752138772,0.732485353,0.699408598,0.536421477,0.620633073,0.68192381,0.694811844,0.642056057,0.741514889,0.79030101,0.779739964,0.744020611,0.617083864,0.727885342,0.768742162,0.779268954,0.743472191,0.819787766,0.870803677,0.868553329,0.783846269,0.761762316,0.847265962,0.864623077,0.868432361,0.881853842,0.929653783,0.957206071,0.951330139,0.891178315,0.786654184,0.857479784,0.906488657,0.928910582,0.941744903,0.964859519,1,0.981348306,0.886183253,0.75806075,0.74769756,0.83356921,0.854878012,0.895850343,0.825595379,0.702879076,0.709768434,0.762969766,0.718603516
0.605877184,0.588263133,0.614230111,0.591054231,0.661156701,0.455301351,0.565587046,0.623034017,0.636084644,0.622217827,0.65140825,0.704308414,0.697041284,0.673756141,0.500510536,0.577897786,0.626936893,0.633259406,0.575076458,0.677808173,0.738364161,0.735500648,0.71247278,0.592918371,0.690906763,0.717220357,0.718172767,0.681362678,0.757276645,0.812639618,0.824518146,0.751114708,0.75235816,0.827760959,0.830858848,0.81736395,0.824547719,0.873813719,0.912645479,0.92819986,0.896605209,0.788847452,0.852725446,0.885025388,0.893994893,0.897953575,0.924316336,0.981348306,1,0.943625147,0.76688819,0.753459311,0.825264558,0.838966624,0.912300669,0.881562983,0.772853118,0.723801544,0.78259483,0.774979586
0.516036104,0.501781344,0.532216437,0.505526453,0.574626515,0.364459977,0.484465652,0.537565556,0.540284076,0.503580304,0.538774659,0.60783686,0.628334985,0.625740642,0.414360473,0.482598111,0.521808176,0.516857091,0.446191035,0.554690059,0.63362227,0.655156829,0.647764592,0.515015905,0.592152254,0.607772416,0.593769291,0.538353248,0.622548458,0.683541042,0.720948632,0.668666237,0.673209136,0.733502739,0.72521854,0.694827137,0.693687333,0.741051028,0.785203891,0.819253995,0.853942733,0.743897556,0.785088245,0.795962243,0.795925931,0.797687986,0.80841898,0.886183253,0.943625147,1,0.760289688,0.738569086,0.779581764,0.784558044,0.881005366,0.927598893,0.822990856,0.746530987,0.79280167,0.82949795
0.517847937,0.525519325,0.536247959,0.506261756,0.540154816,0.408206869,0.489214525,0.517289416,0.497165977,0.464936625,0.488010035,0.538067535,0.529164928,0.518447853,0.44690367,0.484468179,0.497498732,0.463784249,0.386490638,0.477080193,0.52698615,0.524844662,0.515488516,0.512680952,0.572405874,0.569929325,0.543448499,0.477665498,0.527279606,0.548038635,0.551074782,0.509885371,0.714987654,0.73611768,0.699828543,0.654759217,0.619375288,0.630759091,0.633068473,0.623062821,0.644361212,0.937335297,0.903499576,0.849585073,0.817770647,0.769886559,0.733059024,0.75806075,0.76688819,0.760289688,1,0.99041195,0.962440341,0.882340634,0.850849557,0.822112962,0.753535143,0.965672254,0.89340584,0.793866143
0.510505746,0.51687037,0.526648187,0.500782007,0.52483614,0.417121297,0.487650804,0.514681243,0.49581387,0.466399333,0.487639698,0.527421182,0.511058516,0.488900896,0.458290923,0.493852107,0.504992318,0.471624408,0.398067403,0.481973046,0.521930385,0.506310894,0.488793634,0.524574184,0.582509061,0.579992726,0.554190976,0.4916107,0.533116627,0.54315797,0.536202953,0.488654718,0.722091959,0.743420982,0.708477284,0.665218569,0.628619868,0.63290502,0.625305365,0.610106013,0.624840128,0.944260521,0.912865914,0.858149782,0.823788865,0.771489261,0.733887142,0.74769756,0.753459311,0.738569086,0.99041195,1,0.97022548,0.871996027,0.842604588,0.801082689,0.73262544,0.94104364,0.855879898,0.762674284
0.593063711,0.591304883,0.605014121,0.583515737,0.60673607,0.490798526,0.567068309,0.600380343,0.586748357,0.561201234,0.581451052,0.619633388,0.598236659,0.559857776,0.5317299,0.575592182,0.597512922,0.569648457,0.493352039,0.580342869,0.616834186,0.591205109,0.56247802,0.596472187,0.668919958,0.678185126,0.658533302,0.597045345,0.63907192,0.647797509,0.626765198,0.562399618,0.785361969,0.819708821,0.800529907,0.772662426,0.743207899,0.742970658,0.724881166,0.701114914,0.692655521,0.938739565,0.947551659,0.93073188,0.91903627,0.877545891,0.842780611,0.83356921,0.825264558,0.779581764,0.962440341,0.97022548,1,0.937021797,0.899849604,0.829328136,0.745485873,0.912379431,0.872473558,0.778245434
0.596423587,0.589960058,0.611220956,0.577589302,0.62882097,0.44465034,0.54242141,0.577727303,0.565908682,0.547147765,0.56701481,0.632086136,0.634062596,0.629189608,0.465721374,0.51299173,0.549453661,0.52961345,0.451515642,0.553411006,0.610925452,0.627926282,0.621342801,0.509384622,0.592382812,0.617412375,0.610488779,0.551302707,0.615124203,0.658537516,0.657633958,0.599025188,0.696048104,0.737719817,0.732869294,0.728054712,0.723310173,0.741935729,0.742664789,0.726604784,0.721444484,0.834659848,0.848849982,0.865481232,0.898570288,0.898960605,0.862754718,0.854878012,0.838966624,0.784558044,0.882340634,0.871996027,0.937021797,1,0.916103974,0.846702189,0.748523311,0.886714447,0.923012595,0.814501524
0.581799635,0.574348636,0.581388577,0.572661116,0.592125817,0.475345517,0.555393077,0.59471455,0.587419535,0.558965315,0.589554612,0.623049976,0.603678729,0.556030907,0.521229626,0.562802738,0.592896121,0.580901316,0.507373248,0.597926842,0.642817513,0.606257461,0.56194226,0.59319356,0.660964618,0.680289315,0.669508803,0.62521816,0.683013823,0.696108084,0.670625106,0.563809012,0.753854987,0.789161285,0.793836562,0.780251106,0.771015561,0.795991948,0.784001668,0.762363573,0.713410274,0.836047215,0.866679429,0.879499662,0.896524293,0.889022984,0.890581168,0.895850343,0.912300669,0.881005366,0.850849557,0.842604588,0.899849604,0.916103974,1,0.953130909,0.866631205,0.810378288,0.880723705,0.903973383
0.489748068,0.482694904,0.499242049,0.479804723,0.514940301,0.364529628,0.462938818,0.499833823,0.484675301,0.437312993,0.473120371,0.5338099,0.545721254,0.53412182,0.4111643,0.450856454,0.47242035,0.454070325,0.375561481,0.472593058,0.542321452,0.542153666,0.528259506,0.49555901,0.552074194,0.556815225,0.534398119,0.482584145,0.551358895,0.586809899,0.594673758,0.519304589,0.669173994,0.698102047,0.686038952,0.650373118,0.637588815,0.672469859,0.688816971,0.694365222,0.697850487,0.7764297,0.793379284,0.785791045,0.786846012,0.776528372,0.776048966,0.825595379,0.881562983,0.927598893,0.822112962,0.801082689,0.829328136,0.846702189,0.953130909,1,0.925436525,0.818172062,0.889882769,0.962318633
