1,0.776694257,0.638142676,0.680297984,0.517010509,0.454485579,0.455818995,0.553800884,0.5400475,0.49700826,0.450309672,0.404325909,0.395548174,0.352672578,0.350277227,0.318389555,0.405472684,0.44310632,0.42611728,0.393146546,0.352991437,0.325895648,0.313501685,0.128167339,0.195525391,0.250741835,0.333648324,0.351665756,0.338820828,0.304274894,0.289126312,0.281048595,0.056317216,0.105757204,0.159544612,0.236138094,0.296219619,0.310358582,0.287698278,0.269271722,0.268983255,0.029808953,0.039193269,0.076629681,0.160333985,0.230870886,0.258658968,0.265188687,0.266793379,0.234336871,0.068354098,0.0361672,0.041003347,0.173116434,0.21458567,0.214045806,0.135183075,0.073457702,0.087842323,0.105023268
0.776694257,1,0.816999902,0.761848801,0.746214999,0.484766946,0.485600012,0.601669546,0.663461816,0.672839952,0.648323746,0.621615528,0.648910709,0.597044156,0.402052109,0.334242294,0.466035716,0.562099925,0.585795087,0.569427437,0.549529168,0.551726941,0.528668722,0.140666419,0.205473905,0.292343729,0.436865622,0.502898564,0.523526587,0.503516856,0.490287217,0.467113586,0.082223542,0.123344112,0.200365289,0.334768644,0.456591552,0.503699334,0.479316112,0.443034171,0.417495822,0.079985487,0.067709299,0.10744943,0.250067339,0.390239532,0.448482463,0.454791107,0.439198762,0.370357907,0.140078875,0.04970695,0.05402835,0.29351374,0.383192598,0.379271806,0.253480399,0.074036772,0.080738783,0.180616893
0.638142676,0.816999902,1,0.755149379,0.748708262,0.425512824,0.430068773,0.581837434,0.653835187,0.68840013,0.687005679,0.683578403,0.701462948,0.640008479,0.343630752,0.277101549,0.427903196,0.549618425,0.593733333,0.592443811,0.58115869,0.586908962,0.557290328,0.08791707,0.141263455,0.226977201,0.384614962,0.474242508,0.514022758,0.500301897,0.482946328,0.465651724,0.060429444,0.085905196,0.150100132,0.270278037,0.395810594,0.470157706,0.458420464,0.42611072,0.403592896,0.097549975,0.063507251,0.079365287,0.194871375,0.33575306,0.407608347,0.426679563,0.418720903,0.352144132,0.21432614,0.064746479,0.055407012,0.245086654,0.359463362,0.361123122,0.23907256,0.138643281,0.043796514,0.151812955
0.680297984,0.761848801,0.755149379,1,0.74156499,0.65711395,0.665053714,0.806660584,0.810773505,0.765728506,0.715027657,0.663561626,0.631042664,0.571748869,0.562329159,0.52464295,0.675140377,0.719253783,0.690289316,0.631340759,0.564145161,0.503867003,0.471635907,0.215776822,0.325642712,0.456713448,0.579442785,0.594232715,0.561802775,0.479764363,0.435212268,0.406931833,0.117764795,0.221019412,0.320913685,0.439645025,0.522248224,0.525638906,0.454315726,0.399206575,0.374304836,0.057422397,0.085595384,0.169728652,0.315494386,0.424214316,0.453050321,0.434553942,0.407744288,0.331805595,0.090937641,0.058539969,0.075555603,0.332930453,0.384959301,0.364883105,0.214645632,0.0568182,0.109487809,0.160988046
0.517010509,0.746214999,0.748708262,0.74156499,1,0.558706114,0.563063261,0.680212224,0.792344012,0.842934971,0.84726697,0.832434216,0.831413899,0.810176812,0.503259559,0.4403935,0.605820699,0.743601218,0.798081932,0.799191924,0.78368728,0.760377816,0.742063667,0.186119255,0.268525259,0.404039161,0.607749122,0.716253586,0.755847462,0.727429145,0.699068329,0.674786457,0.133082415,0.194219859,0.307227028,0.48612748,0.64685099,0.718276655,0.69240492,0.648352472,0.606976567,0.138193677,0.124683883,0.188611752,0.38180982,0.57416976,0.654166574,0.663519624,0.648206848,0.544957867,0.213410902,0.110216665,0.120411083,0.482801336,0.601350689,0.589938575,0.393546052,0.123600715,0.164971239,0.295070201
0.454485579,0.484766946,0.425512824,0.65711395,0.558706114,1,0.999446555,0.738031871,0.701233258,0.633742771,0.57267708,0.520102485,0.479952148,0.474662659,0.851205628,0.780332356,0.735195173,0.683452696,0.632723257,0.583262752,0.514993894,0.427557753,0.41112758,0.583709611,0.639081729,0.673530349,0.674953585,0.613546456,0.5651548,0.497919288,0.447557759,0.403724958,0.379800828,0.518006442,0.577219288,0.608561412,0.583915027,0.550468219,0.499864591,0.451198502,0.408286962,0.216727011,0.30511113,0.400366697,0.486766834,0.499880599,0.49300976,0.490448707,0.459223298,0.360326758,0.150432552,0.216221969,0.245354506,0.395077055,0.371670758,0.339208406,0.168408987,0.139350032,0.149071084,0.122294809
0.455818995,0.485600012,0.430068773,0.665053714,0.563063261,0.999446555,1,0.745867295,0.70826915,0.640002567,0.578457578,0.524974721,0.482413702,0.47641426,0.849114638,0.782335935,0.743075088,0.69112242,0.638780539,0.587312376,0.516941265,0.427156537,0.410467349,0.575437696,0.635573434,0.676667449,0.680405562,0.618581313,0.567714499,0.496836787,0.44529154,0.401619842,0.374463602,0.515951498,0.578789815,0.611848661,0.587412729,0.55205245,0.498094751,0.448063391,0.405318744,0.211276427,0.301456524,0.400176533,0.489071182,0.502757581,0.494476757,0.489183097,0.456796396,0.357894232,0.146446467,0.215151774,0.245062594,0.400198709,0.375113111,0.341306622,0.169006302,0.139914328,0.154183707,0.12392588
0.553800884,0.601669546,0.581837434,0.806660584,0.680212224,0.738031871,0.745867295,1,0.903302725,0.821523362,0.751266339,0.675297789,0.59598064,0.561486244,0.695553971,0.735114588,0.884360136,0.879477992,0.801475004,0.711245728,0.612132953,0.505449793,0.476917278,0.303423673,0.484851374,0.639141323,0.752616547,0.729507808,0.652420022,0.531413238,0.467201014,0.436866752,0.189524483,0.342005081,0.454838037,0.576713842,0.640642208,0.607757681,0.514610609,0.453710553,0.431007933,0.074989564,0.139913369,0.251528156,0.408617392,0.508624265,0.524639521,0.5005002,0.478942831,0.406211079,0.08171792,0.09475493,0.122387138,0.428212255,0.461120841,0.446777877,0.277921949,0.074257936,0.204741679,0.219686588
0.5400475,0.663461816,0.653835187,0.810773505,0.792344012,0.701233258,0.70826915,0.903302725,1,0.941169431,0.874026761,0.799088308,0.725646133,0.699362389,0.662105867,0.668944121,0.851295487,0.928503701,0.911389144,0.838606045,0.750187827,0.650384723,0.613197894,0.255837465,0.424162069,0.60183293,0.779443666,0.816966459,0.774118108,0.665835545,0.599290695,0.561691599,0.166629502,0.301490537,0.434611308,0.600120311,0.714672875,0.718615515,0.637696439,0.573000461,0.541075578,0.095552465,0.136770375,0.245097212,0.436629826,0.586163291,0.62921013,0.614921732,0.594768307,0.501880235,0.134275813,0.103997465,0.12779475,0.492674691,0.563869509,0.55053134,0.348677561,0.096329435,0.209133504,0.268398974
0.49700826,0.672839952,0.68840013,0.765728506,0.842934971,0.633742771,0.640002567,0.821523362,0.941169431,1,0.952427477,0.87290385,0.805508984,0.793602513,0.599576009,0.583071522,0.778793397,0.916418642,0.959796496,0.922262318,0.848838563,0.761363224,0.718760574,0.208469008,0.355848786,0.538961985,0.761611591,0.855865525,0.849365681,0.758797136,0.695764296,0.6547916,0.147532367,0.255897109,0.392102851,0.582229632,0.734756061,0.775934609,0.715040925,0.656175266,0.623632598,0.11940636,0.132517693,0.224184836,0.426913772,0.61113431,0.679818273,0.680768641,0.669870096,0.573781432,0.187805084,0.110254415,0.126969373,0.51635236,0.624997381,0.620170616,0.410978564,0.121548576,0.212536749,0.312713299
0.450309672,0.648323746,0.687005679,0.715027657,0.84726697,0.57267708,0.578457578,0.751266339,0.874026761,0.952427477,1,0.91425151,0.843151038,0.836406607,0.542404456,0.508669012,0.708540982,0.866121531,0.93622782,0.939940376,0.895197838,0.819788376,0.775504654,0.180449816,0.297908023,0.474699618,0.714804507,0.840882002,0.866761417,0.798238888,0.741786013,0.706413666,0.132824215,0.216700542,0.347266209,0.544735782,0.717820931,0.786869931,0.745812555,0.696394543,0.666330245,0.135532764,0.125222794,0.199270703,0.400514039,0.603877592,0.690934094,0.705397352,0.704688762,0.614597935,0.22223374,0.108592777,0.119330096,0.520076621,0.656457003,0.661934401,0.457722632,0.133567402,0.215072183,0.348160547
0.404325909,0.621615528,0.683578403,0.663561626,0.832434216,0.520102485,0.524974721,0.675297789,0.799088308,0.87290385,0.91425151,1,0.87193736,0.862523129,0.493225071,0.440481267,0.633084445,0.792075146,0.867868041,0.898964051,0.898984256,0.85150199,0.807695719,0.173606133,0.254334202,0.416402859,0.652610867,0.788416382,0.840701759,0.803781476,0.761378081,0.736685183,0.132203785,0.191870497,0.312615102,0.505742256,0.68299767,0.773076721,0.752274305,0.710042749,0.677015212,0.155327663,0.127243424,0.185641315,0.379665446,0.589664763,0.687751933,0.71170093,0.710304156,0.618677683,0.251823015,0.113127104,0.11917029,0.513462895,0.664011036,0.670406249,0.466994784,0.144290669,0.196500071,0.353976508
0.395548174,0.648910709,0.701462948,0.631042664,0.831413899,0.479952148,0.482413702,0.59598064,0.725646133,0.805508984,0.843151038,0.87193736,1,0.918670251,0.454202832,0.375872826,0.544346567,0.704819346,0.78423142,0.813088242,0.831304766,0.855229032,0.838090692,0.181571306,0.230283006,0.362408654,0.582377321,0.717096924,0.783430883,0.776042007,0.755028369,0.750703128,0.145383056,0.178293357,0.278804663,0.459720434,0.636743618,0.738799062,0.735367904,0.700696699,0.667753372,0.18150411,0.139077404,0.174019195,0.350528814,0.558448103,0.663980959,0.696898475,0.69412203,0.60417038,0.27321559,0.1181234,0.118580069,0.47670331,0.633080809,0.640416227,0.453278909,0.148144294,0.161262886,0.336613315
0.352672578,0.597044156,0.640008479,0.571748869,0.810176812,0.474662659,0.47641426,0.561486244,0.699362389,0.793602513,0.836406607,0.862523129,0.918670251,1,0.477506034,0.396514979,0.55074246,0.713021053,0.80178857,0.83771046,0.865569222,0.902735407,0.907395087,0.202780621,0.26119996,0.401228773,0.626218724,0.765719664,0.836277746,0.837521105,0.826527476,0.824396887,0.16832939,0.211652321,0.327849259,0.523079149,0.699327663,0.801273886,0.802668228,0.770589737,0.737859533,0.196061502,0.163947571,0.216893762,0.415453979,0.630398565,0.733855761,0.763891504,0.754898838,0.655324422,0.275267843,0.146866047,0.15407006,0.54966643,0.698336914,0.696290869,0.482491316,0.167754843,0.205905465,0.367584584
0.350277227,0.402052109,0.343630752,0.562329159,0.503259559,0.851205628,0.849114638,0.695553971,0.662105867,0.599576009,0.542404456,0.493225071,0.454202832,0.477506034,1,0.855336959,0.766398472,0.681999534,0.623230332,0.566193898,0.502375622,0.425813664,0.409300538,0.678026086,0.788703087,0.787947624,0.739466832,0.645401789,0.585962808,0.523190983,0.473472719,0.416705713,0.510082961,0.670959746,0.710909492,0.717669569,0.662164302,0.602581267,0.544394238,0.483326767,0.424191501,0.304892228,0.434088928,0.538004068,0.608440833,0.589566335,0.561498062,0.547212054,0.493444618,0.363010716,0.181283232,0.314179679,0.350506727,0.466407194,0.41111996,0.361844596,0.157190668,0.18143364,0.163884674,0.114689965
0.318389555,0.334242294,0.277101549,0.52464295,0.4403935,0.780332356,0.782335935,0.735114588,0.668944121,0.583071522,0.508669012,0.440481267,0.375872826,0.396514979,0.855336959,1,0.869033402,0.734733978,0.630475215,0.539214124,0.451458879,0.355132872,0.336616484,0.624068552,0.846170107,0.885667025,0.805334928,0.666181784,0.559749999,0.460986201,0.406422117,0.347707033,0.523249518,0.719940835,0.778835935,0.768910617,0.676979616,0.573672315,0.482868321,0.414212862,0.363486829,0.28985945,0.454502976,0.583478352,0.644128411,0.593477325,0.535659808,0.49043081,0.4289545,0.313462948,0.152934965,0.346364858,0.390225776,0.493960381,0.403101599,0.34474094,0.14529109,0.216851726,0.237083164,0.127132372
0.405472684,0.466035716,0.427903196,0.675140377,0.605820699,0.735195173,0.743075088,0.884360136,0.851295487,0.778793397,0.708540982,0.633084445,0.544346567,0.55074246,0.766398472,0.869033402,1,0.931451448,0.824464664,0.715565597,0.609836511,0.490765595,0.462679114,0.391776249,0.647044805,0.839565378,0.906851941,0.826266499,0.710328667,0.567421287,0.494928308,0.446028663,0.305315024,0.518878522,0.665542538,0.775010666,0.780666347,0.695463019,0.571320428,0.487903007,0.449120694,0.136595953,0.267454969,0.434699815,0.603541587,0.658274307,0.631535841,0.572214867,0.515989668,0.415103132,0.085164595,0.215188172,0.262787205,0.580898649,0.548432365,0.502744599,0.287339329,0.141083307,0.315536693,0.25847945
0.44310632,0.562099925,0.549618425,0.719253783,0.743601218,0.683452696,0.69112242,0.879477992,0.928503701,0.916418642,0.866121531,0.792075146,0.704819346,0.713021053,0.681999534,0.734733978,0.931451448,1,0.962745866,0.885794935,0.789489491,0.671366512,0.639553325,0.26658228,0.484814799,0.720754927,0.911690171,0.930371533,0.856154112,0.717986595,0.643063331,0.605267457,0.190104839,0.366375212,0.542021647,0.727747814,0.823686296,0.800558727,0.696289096,0.623097741,0.600020049,0.100936581,0.171328436,0.317102306,0.534324404,0.677354612,0.704110079,0.671951911,0.64493536,0.5632463,0.124115159,0.144643538,0.17952492,0.592956304,0.642568393,0.624012351,0.412939117,0.12987139,0.316472286,0.342074246
0.42611728,0.585795087,0.593733333,0.690289316,0.798081932,0.632723257,0.638780539,0.801475004,0.911389144,0.959796496,0.93622782,0.867868041,0.78423142,0.80178857,0.623230332,0.630475215,0.824464664,0.962745866,1,0.968788966,0.893830346,0.785300596,0.748749053,0.22560351,0.398328041,0.61692194,0.855775121,0.948356256,0.926841322,0.817650107,0.747516785,0.706754368,0.165144222,0.299757477,0.465685501,0.674300656,0.819076862,0.847797849,0.77718044,0.716699549,0.693085958,0.124295237,0.155102327,0.272061813,0.495396423,0.679138315,0.741032668,0.736456244,0.727109073,0.642954087,0.18111401,0.136478409,0.160849308,0.588969156,0.685584692,0.680565021,0.463990712,0.145478592,0.290087633,0.364981801
0.393146546,0.569427437,0.592443811,0.631340759,0.799191924,0.583262752,0.587312376,0.711245728,0.838606045,0.922262318,0.939940376,0.898964051,0.813088242,0.83771046,0.566193898,0.539214124,0.715565597,0.885794935,0.968788966,1,0.964002741,0.859127497,0.819079089,0.204984575,0.332309841,0.521845057,0.776709182,0.917392474,0.952040225,0.882278085,0.820664762,0.779114473,0.157482592,0.252051597,0.397659391,0.606837366,0.777514713,0.852985323,0.823576253,0.78449476,0.766809729,0.155425901,0.151559991,0.235004028,0.44353486,0.645893479,0.736791948,0.76436127,0.780247405,0.70859836,0.234205199,0.135122906,0.148492986,0.555399138,0.688165531,0.701928799,0.500502276,0.163293871,0.265149452,0.373405195
0.352991437,0.549529168,0.58115869,0.564145161,0.78368728,0.514993894,0.516941265,0.612132953,0.750187827,0.848838563,0.895197838,0.898984256,0.831304766,0.865569222,0.502375622,0.451458879,0.609836511,0.789489491,0.893830346,0.964002741,1,0.923396339,0.874408895,0.200009458,0.283172514,0.440321436,0.688810803,0.851028503,0.935384385,0.925056594,0.886170857,0.838888109,0.167355154,0.223806246,0.34744274,0.549553139,0.732834039,0.846995759,0.858900196,0.837039306,0.812561502,0.193301577,0.163472896,0.219266771,0.414407814,0.628452411,0.740757802,0.791191477,0.814566776,0.737093698,0.279292569,0.146403939,0.152339613,0.540288075,0.697371238,0.716610136,0.516022502,0.178478086,0.235436316,0.375598688
0.325895648,0.551726941,0.586908962,0.503867003,0.760377816,0.427557753,0.427156537,0.505449793,0.650384723,0.761363224,0.819788376,0.85150199,0.855229032,0.902735407,0.425813664,0.355132872,0.490765595,0.671366512,0.785300596,0.859127497,0.923396339,1,0.915631653,0.200042108,0.240272721,0.351509392,0.579358893,0.747379132,0.854583139,0.894786053,0.901593278,0.876742675,0.187444697,0.198147186,0.287823435,0.472768625,0.66091512,0.797283686,0.840188518,0.838298946,0.817798855,0.236477258,0.180169319,0.198740001,0.36950637,0.586897437,0.713025844,0.776962436,0.801065984,0.7224316,0.322833157,0.155550074,0.152429906,0.49817377,0.675101915,0.696893206,0.507057625,0.188994902,0.184853168,0.360535356
0.313501685,0.528668722,0.557290328,0.471635907,0.742063667,0.41112758,0.410467349,0.476917278,0.613197894,0.718760574,0.775504654,0.807695719,0.838090692,0.907395087,0.409300538,0.336616484,0.462679114,0.639553325,0.748749053,0.819079089,0.874408895,0.915631653,1,0.201281428,0.229493721,0.328434754,0.553807971,0.721277669,0.822032287,0.861789418,0.880801384,0.915986567,0.191321669,0.188231233,0.268650024,0.449986569,0.63596945,0.768890681,0.818121163,0.836572819,0.842743314,0.244610157,0.178675289,0.185506281,0.349356387,0.565359396,0.691140045,0.759092487,0.802256048,0.755025325,0.323058663,0.149833773,0.145236711,0.492007882,0.672728582,0.70621643,0.541687404,0.185444502,0.207038043,0.387372906
0.128167339,0.140666419,0.08791707,0.215776822,0.186119255,0.583709611,0.575437696,0.303423673,0.255837465,0.208469008,0.180449816,0.173606133,0.181571306,0.202780621,0.678026086,0.624068552,0.391776249,0.26658228,0.22560351,0.204984575,0.200009458,0.200042108,0.201281428,1,0.78419894,0.591134604,0.379192589,0.266507374,0.247007134,0.261172998,0.25556902,0.221754088,0.804061667,0.791900781,0.656017738,0.487310115,0.343444264,0.29081969,0.288172075,0.265363456,0.209761224,0.635770247,0.70743326,0.658468328,0.512767154,0.362921215,0.311550746,0.306635705,0.260192472,0.176782061,0.398771441,0.522597405,0.527736381,0.279951005,0.211493408,0.184339344,0.132047411,0.314024739,0.090510555,0.114292432
0.195525391,0.205473905,0.141263455,0.325642712,0.268525259,0.639081729,0.635573434,0.484851374,0.424162069,0.355848786,0.297908023,0.254334202,0.230283006,0.26119996,0.788703087,0.846170107,0.647044805,0.484814799,0.398328041,0.332309841,0.283172514,0.240272721,0.229493721,0.78419894,1,0.859750862,0.639468668,0.465456855,0.384798384,0.341374543,0.313966686,0.251788541,0.768192105,0.910350334,0.853867336,0.720889562,0.549935289,0.437396139,0.377504679,0.322210261,0.257750331,0.533091306,0.699685014,0.752454746,0.681399696,0.530466025,0.44440598,0.400259946,0.32581779,0.20306586,0.307716571,0.534694071,0.56470921,0.42300804,0.298045123,0.232282805,0.080866355,0.326024938,0.173230778,0.078590496
0.250741835,0.292343729,0.226977201,0.456713448,0.404039161,0.673530349,0.676667449,0.639141323,0.60183293,0.538961985,0.474699618,0.416402859,0.362408654,0.401228773,0.787947624,0.885667025,0.839565378,0.720754927,0.61692194,0.521845057,0.440321436,0.351509392,0.328434754,0.591134604,0.859750862,1,0.893470673,0.7134572,0.585895836,0.471606579,0.414967383,0.340634594,0.560614707,0.813423828,0.936818088,0.921445212,0.775767687,0.632640382,0.506312339,0.411888948,0.34888084,0.349462478,0.557645101,0.737593084,0.801678358,0.70724766,0.611301235,0.524268892,0.423239298,0.290076436,0.206552661,0.480992095,0.534906355,0.601398802,0.460284317,0.37067426,0.150750851,0.329714469,0.325626428,0.162141901
0.333648324,0.436865622,0.384614962,0.579442785,0.607749122,0.674953585,0.680405562,0.752616547,0.779443666,0.761611591,0.714804507,0.652610867,0.582377321,0.626218724,0.739466832,0.805334928,0.906851941,0.911690171,0.855775121,0.776709182,0.688810803,0.579358893,0.553807971,0.379192589,0.639468668,0.893470673,1,0.936124425,0.828071844,0.684108528,0.611943028,0.553274982,0.314412941,0.554872184,0.764615921,0.917554432,0.920331791,0.831277405,0.697888721,0.6026229,0.56185799,0.167877132,0.316341825,0.522138915,0.732637822,0.795425544,0.763424771,0.692061128,0.619408163,0.511277503,0.124753926,0.290010926,0.34535717,0.697649833,0.652061359,0.591607704,0.349747368,0.219091963,0.402224427,0.319805949
0.351665756,0.502898564,0.474242508,0.594232715,0.716253586,0.613546456,0.618581313,0.729507808,0.816966459,0.855865525,0.840882002,0.788416382,0.717096924,0.765719664,0.645401789,0.666181784,0.826266499,0.930371533,0.948356256,0.917392474,0.851028503,0.747379132,0.721277669,0.266507374,0.465456855,0.7134572,0.936124425,1,0.955859398,0.832697685,0.76166395,0.71051732,0.206319513,0.378606807,0.581366087,0.806659296,0.928197812,0.918167122,0.820475074,0.743484291,0.712859671,0.132664212,0.205743318,0.369045465,0.622613217,0.789370521,0.822972344,0.789501025,0.752823062,0.661395404,0.151181769,0.195190944,0.236286091,0.700155249,0.748973765,0.722666203,0.487530299,0.177023715,0.394977801,0.413105833
0.338820828,0.523526587,0.514022758,0.561802775,0.755847462,0.5651548,0.567714499,0.652420022,0.774118108,0.849365681,0.866761417,0.840701759,0.783430883,0.836277746,0.585962808,0.559749999,0.710328667,0.856154112,0.926841322,0.952040225,0.935384385,0.854583139,0.822032287,0.247007134,0.384798384,0.585895836,0.828071844,0.955859398,1,0.946117848,0.885440251,0.810806215,0.200056652,0.318011079,0.486355538,0.714726349,0.886529909,0.955033337,0.918888175,0.858167881,0.806708322,0.17351477,0.202047858,0.321301723,0.565875703,0.774654248,0.856286666,0.86716581,0.847132087,0.731175829,0.219252825,0.189693908,0.217311645,0.67670156,0.781369123,0.76794868,0.517994449,0.18522995,0.329009814,0.411349564
0.304274894,0.503516856,0.500301897,0.479764363,0.727429145,0.497919288,0.496836787,0.531413238,0.665835545,0.758797136,0.798238888,0.803781476,0.776042007,0.837521105,0.523190983,0.460986201,0.567421287,0.717986595,0.817650107,0.882278085,0.925056594,0.894786053,0.861789418,0.261172998,0.341374543,0.471606579,0.684108528,0.832697685,0.946117848,1,0.975990692,0.867322479,0.233180622,0.300776123,0.419458161,0.616451071,0.794896825,0.925464583,0.974400463,0.945825087,0.860352047,0.239993844,0.239692037,0.314568965,0.52547249,0.738369019,0.852150831,0.912831117,0.903338197,0.748026325,0.295504759,0.221577337,0.236903332,0.627783793,0.76086449,0.750853601,0.491397546,0.213207531,0.239057002,0.359325097
0.289126312,0.490287217,0.482946328,0.435212268,0.699068329,0.447557759,0.44529154,0.467201014,0.599290695,0.695764296,0.741786013,0.761378081,0.755028369,0.826527476,0.473472719,0.406422117,0.494928308,0.643063331,0.747516785,0.820664762,0.886170857,0.901593278,0.880801384,0.25556902,0.313966686,0.414967383,0.611943028,0.76166395,0.885440251,0.975990692,1,0.898734968,0.238569448,0.280508946,0.379163074,0.562177881,0.735681039,0.878690173,0.958536125,0.965005767,0.89193644,0.257187552,0.24281936,0.296817003,0.491922786,0.701638345,0.823084546,0.899381107,0.90349999,0.758757113,0.313175269,0.224510121,0.234896495,0.593434779,0.73588491,0.73147958,0.488413537,0.221657952,0.215958445,0.346847959
0.281048595,0.467113586,0.465651724,0.406931833,0.674786457,0.403724958,0.401619842,0.436866752,0.561691599,0.6547916,0.706413666,0.736685183,0.750703128,0.824396887,0.416705713,0.347707033,0.446028663,0.605267457,0.706754368,0.779114473,0.838888109,0.876742675,0.915986567,0.221754088,0.251788541,0.340634594,0.553274982,0.71051732,0.810806215,0.867322479,0.898734968,1,0.206315288,0.209170927,0.288888478,0.468155148,0.643518749,0.774670741,0.843881751,0.887439086,0.905127399,0.244658833,0.190601846,0.204618532,0.372002216,0.581380419,0.70601615,0.786404236,0.844556741,0.808696981,0.302899343,0.159268302,0.159380311,0.508245407,0.678201148,0.715416815,0.551776818,0.187471858,0.230068769,0.385687712
0.056317216,0.082223542,0.060429444,0.117764795,0.133082415,0.379800828,0.374463602,0.189524483,0.166629502,0.147532367,0.132824215,0.132203785,0.145383056,0.16832939,0.510082961,0.523249518,0.305315024,0.190104839,0.165144222,0.157482592,0.167355154,0.187444697,0.191321669,0.804061667,0.768192105,0.560614707,0.314412941,0.206319513,0.200056652,0.233180622,0.238569448,0.206315288,1,0.892830514,0.697994019,0.478852159,0.310319749,0.252154406,0.258463913,0.247422254,0.199192823,0.892585639,0.932508596,0.819078779,0.586122794,0.378146377,0.302152625,0.287149649,0.242954155,0.176898174,0.641500581,0.759386422,0.746707301,0.307877588,0.207631577,0.176056758,0.158004863,0.519554037,0.125823128,0.116611639
0.105757204,0.123344112,0.085905196,0.221019412,0.194219859,0.518006442,0.515951498,0.342005081,0.301490537,0.255897109,0.216700542,0.191870497,0.178293357,0.211652321,0.670959746,0.719940835,0.518878522,0.366375212,0.299757477,0.252051597,0.223806246,0.198147186,0.188231233,0.791900781,0.910350334,0.813423828,0.554872184,0.378606807,0.318011079,0.300776123,0.280508946,0.209170927,0.892830514,1,0.91559593,0.721746062,0.505018964,0.391719259,0.343295201,0.28922034,0.21171948,0.719841503,0.889383393,0.914430643,0.763396714,0.544930308,0.433990695,0.380562215,0.290451873,0.159078297,0.481217411,0.734432732,0.754850825,0.447021367,0.286713704,0.208116893,0.078737487,0.495365504,0.187927983,0.078471275
0.159544612,0.200365289,0.150100132,0.320913685,0.307227028,0.577219288,0.578789815,0.454838037,0.434611308,0.392102851,0.347266209,0.312615102,0.278804663,0.327849259,0.710909492,0.778835935,0.665542538,0.542021647,0.465685501,0.397659391,0.34744274,0.287823435,0.268650024,0.656017738,0.853867336,0.936818088,0.764615921,0.581366087,0.486355538,0.419458161,0.379163074,0.288888478,0.697994019,0.91559593,1,0.913748151,0.71128079,0.569116614,0.468057898,0.376909973,0.290134493,0.527597418,0.747257492,0.905710936,0.894300665,0.721014766,0.595402346,0.502694093,0.378544344,0.216961358,0.362423173,0.682405586,0.72997475,0.611909157,0.422715354,0.310206021,0.096295873,0.490354959,0.311016872,0.119451156
0.236138094,0.334768644,0.270278037,0.439645025,0.48612748,0.608561412,0.611848661,0.576713842,0.600120311,0.582229632,0.544735782,0.505742256,0.459720434,0.523079149,0.717669569,0.768910617,0.775010666,0.727747814,0.674300656,0.606837366,0.549553139,0.472768625,0.449986569,0.487310115,0.720889562,0.921445212,0.917554432,0.806659296,0.714726349,0.616451071,0.562177881,0.468155148,0.478852159,0.721746062,0.913748151,1,0.917274945,0.794787755,0.665295959,0.553525107,0.466882891,0.326349596,0.527899819,0.757284516,0.922941602,0.889552657,0.799103191,0.693982974,0.561799178,0.387391889,0.231624913,0.522097086,0.587322113,0.779334008,0.635918487,0.518290219,0.235073969,0.373840092,0.418054671,0.250404788
0.296219619,0.456591552,0.395810594,0.522248224,0.64685099,0.583915027,0.587412729,0.640642208,0.714672875,0.734756061,0.717820931,0.68299767,0.636743618,0.699327663,0.662164302,0.676979616,0.780666347,0.823686296,0.819076862,0.777514713,0.732834039,0.66091512,0.63596945,0.343444264,0.549935289,0.775767687,0.920331791,0.928197812,0.886529909,0.794896825,0.735681039,0.643518749,0.310319749,0.505018964,0.71128079,0.917274945,1,0.949641156,0.834264242,0.725705331,0.639374796,0.207405989,0.33679276,0.543699191,0.809480951,0.936886406,0.925328261,0.848249904,0.741233427,0.565058009,0.176844887,0.34440623,0.403244149,0.832365483,0.801087701,0.713519315,0.405421139,0.250498351,0.433721233,0.383797885
0.310358582,0.503699334,0.470157706,0.525638906,0.718276655,0.550468219,0.55205245,0.607757681,0.718615515,0.775934609,0.786869931,0.773076721,0.738799062,0.801273886,0.602581267,0.573672315,0.695463019,0.800558727,0.847797849,0.852985323,0.846995759,0.797283686,0.768890681,0.29081969,0.437396139,0.632640382,0.831277405,0.918167122,0.955033337,0.925464583,0.878690173,0.774670741,0.252154406,0.391719259,0.569116614,0.794787755,0.949641156,1,0.953505404,0.869154838,0.772751943,0.203418145,0.271041166,0.425118421,0.692175509,0.891910381,0.954435327,0.939868767,0.86659177,0.682431155,0.218706052,0.27106162,0.31231525,0.781479072,0.843699951,0.787991282,0.479265826,0.218680267,0.358525356,0.40678224
0.287698278,0.479316112,0.458420464,0.454315726,0.69240492,0.499864591,0.498094751,0.514610609,0.637696439,0.715040925,0.745812555,0.752274305,0.735367904,0.802668228,0.544394238,0.482868321,0.571320428,0.696289096,0.77718044,0.823576253,0.858900196,0.840188518,0.818121163,0.288172075,0.377504679,0.506312339,0.697888721,0.820475074,0.918888175,0.974400463,0.958536125,0.843881751,0.258463913,0.343295201,0.468057898,0.665295959,0.834264242,0.953505404,1,0.964488861,0.857325551,0.249243083,0.273020189,0.368356673,0.593045325,0.803735518,0.912220136,0.967478349,0.937020663,0.748090253,0.285917944,0.259561869,0.283159168,0.6899845,0.805916573,0.780216728,0.490999991,0.226769043,0.269694838,0.371066906
0.269271722,0.443034171,0.42611072,0.399206575,0.648352472,0.451198502,0.448063391,0.453710553,0.573000461,0.656175266,0.696394543,0.710042749,0.700696699,0.770589737,0.483326767,0.414212862,0.487903007,0.623097741,0.716699549,0.78449476,0.837039306,0.838298946,0.836572819,0.265363456,0.322210261,0.411888948,0.6026229,0.743484291,0.858167881,0.945825087,0.965005767,0.887439086,0.247422254,0.28922034,0.376909973,0.553525107,0.725705331,0.869154838,0.964488861,1,0.936142328,0.26566889,0.251294091,0.298481971,0.483433145,0.694534293,0.82704695,0.927786519,0.966169901,0.834178602,0.315033816,0.226992978,0.236982585,0.601678833,0.760785284,0.778373782,0.541178645,0.222743188,0.248774962,0.381194934
0.268983255,0.417495822,0.403592896,0.374304836,0.606976567,0.408286962,0.405318744,0.431007933,0.541075578,0.623632598,0.666330245,0.677015212,0.667753372,0.737859533,0.424191501,0.363486829,0.449120694,0.600020049,0.693085958,0.766809729,0.812561502,0.817798855,0.842743314,0.209761224,0.257750331,0.34888084,0.56185799,0.712859671,0.806708322,0.860352047,0.89193644,0.905127399,0.199192823,0.21171948,0.290134493,0.466882891,0.639374796,0.772751943,0.857325551,0.936142328,1,0.239338949,0.188578307,0.202649682,0.360142433,0.565536702,0.700667571,0.809266315,0.917293915,0.930250882,0.299543267,0.160362651,0.160076645,0.498687375,0.685922272,0.755263047,0.616462527,0.196476469,0.272978099,0.415505991
0.029808953,0.079985487,0.097549975,0.057422397,0.138193677,0.216727011,0.211276427,0.074989564,0.095552465,0.11940636,0.135532764,0.155327663,0.18150411,0.196061502,0.304892228,0.28985945,0.136595953,0.100936581,0.124295237,0.155425901,0.193301577,0.236477258,0.244610157,0.635770247,0.533091306,0.349462478,0.167877132,0.132664212,0.17351477,0.239993844,0.257187552,0.244658833,0.892585639,0.719841503,0.527597418,0.326349596,0.207405989,0.203418145,0.249243083,0.26566889,0.239338949,1,0.930992374,0.752633144,0.484726214,0.299146469,0.254775084,0.269333819,0.26075306,0.245142262,0.871929677,0.841790051,0.796906373,0.249705175,0.201082479,0.20799916,0.268097152,0.668830278,0.123985568,0.174649152
0.039193269,0.067709299,0.063507251,0.085595384,0.124683883,0.30511113,0.301456524,0.139913369,0.136770375,0.132517693,0.125222794,0.127243424,0.139077404,0.163947571,0.434088928,0.454502976,0.267454969,0.171328436,0.155102327,0.151559991,0.163472896,0.180169319,0.178675289,0.70743326,0.699685014,0.557645101,0.316341825,0.205743318,0.202047858,0.239692037,0.24281936,0.190601846,0.932508596,0.889383393,0.747257492,0.527899819,0.33679276,0.271041166,0.273020189,0.251294091,0.188578307,0.930992374,1,0.922334856,0.681536439,0.440323472,0.342351522,0.312562456,0.248213685,0.161131447,0.753359826,0.908652149,0.895087476,0.370515061,0.229699965,0.177617529,0.142280334,0.685362155,0.172579222,0.103382973
0.076629681,0.10744943,0.079365287,0.169728652,0.188611752,0.400366697,0.400176533,0.251528156,0.245097212,0.224184836,0.199270703,0.185641315,0.174019195,0.216893762,0.538004068,0.583478352,0.434699815,0.317102306,0.272061813,0.235004028,0.219266771,0.198740001,0.185506281,0.658468328,0.752454746,0.737593084,0.522138915,0.369045465,0.321301723,0.314568965,0.296817003,0.204618532,0.819078779,0.914430643,0.905710936,0.757284516,0.543699191,0.425118421,0.368356673,0.298481971,0.202649682,0.752633144,0.922334856,1,0.885942366,0.649808108,0.509053999,0.424208275,0.298873128,0.143029792,0.591800787,0.899228822,0.925793808,0.567660629,0.348666357,0.233936844,0.077346468,0.665045355,0.2887226,0.093766545
0.160333985,0.250067339,0.194871375,0.315494386,0.38180982,0.486766834,0.489071182,0.408617392,0.436629826,0.426913772,0.400514039,0.379665446,0.350528814,0.415453979,0.608440833,0.644128411,0.603541587,0.534324404,0.495396423,0.44353486,0.414407814,0.36950637,0.349356387,0.512767154,0.681399696,0.801678358,0.732637822,0.622613217,0.565875703,0.52547249,0.491922786,0.372002216,0.586122794,0.763396714,0.894300665,0.922941602,0.809480951,0.692175509,0.593045325,0.483433145,0.360142433,0.484726214,0.681536439,0.885942366,1,0.903868357,0.779436907,0.660014104,0.491327135,0.274440609,0.375728137,0.721307473,0.784118429,0.819516308,0.610500107,0.455307218,0.169255822,0.506013309,0.421134082,0.216105189
0.230870886,0.390239532,0.33575306,0.424214316,0.57416976,0.499880599,0.502757581,0.508624265,0.586163291,0.61113431,0.603877592,0.589664763,0.558448103,0.630398565,0.589566335,0.593477325,0.658274307,0.677354612,0.679138315,0.645893479,0.628452411,0.586897437,0.565359396,0.362921215,0.530466025,0.70724766,0.795425544,0.789370521,0.774654248,0.738369019,0.701638345,0.581380419,0.378146377,0.544930308,0.721014766,0.889552657,0.936886406,0.891910381,0.803735518,0.694534293,0.565536702,0.299146469,0.440323472,0.649808108,0.903868357,1,0.961879222,0.868197002,0.716530281,0.479414025,0.256896045,0.487342779,0.551827871,0.928889648,0.841910244,0.706270246,0.36049525,0.342056764,0.463641607,0.383961943
0.258658968,0.448482463,0.407608347,0.453050321,0.654166574,0.49300976,0.494476757,0.524639521,0.62921013,0.679818273,0.690934094,0.687751933,0.663980959,0.733855761,0.561498062,0.535659808,0.631535841,0.704110079,0.741032668,0.736791948,0.740757802,0.713025844,0.691140045,0.311550746,0.44440598,0.611301235,0.763424771,0.822972344,0.856286666,0.852150831,0.823084546,0.70601615,0.302152625,0.433990695,0.595402346,0.799103191,0.925328261,0.954435327,0.912220136,0.82704695,0.700667571,0.254775084,0.342351522,0.509053999,0.779436907,0.961879222,1,0.962187519,0.850898019,0.61644947,0.25026966,0.367754629,0.418129847,0.887511105,0.907884697,0.813032508,0.466955349,0.27178495,0.414868487,0.439902171
0.265188687,0.454791107,0.426679563,0.434553942,0.663519624,0.490448707,0.489183097,0.5005002,0.614921732,0.680768641,0.705397352,0.71170093,0.696898475,0.763891504,0.547212054,0.49043081,0.572214867,0.671951911,0.736456244,0.76436127,0.791191477,0.776962436,0.759092487,0.306635705,0.400259946,0.524268892,0.692061128,0.789501025,0.86716581,0.912831117,0.899381107,0.786404236,0.287149649,0.380562215,0.502694093,0.693982974,0.848249904,0.939868767,0.967478349,0.927786519,0.809266315,0.269333819,0.312562456,0.424208275,0.660014104,0.868197002,0.962187519,1,0.946873356,0.725738654,0.289852077,0.310385903,0.342542109,0.782612406,0.882368591,0.836346624,0.515394441,0.248638378,0.32862682,0.423246195
0.266793379,0.439198762,0.418720903,0.407744288,0.648206848,0.459223298,0.456796396,0.478942831,0.594768307,0.669870096,0.704688762,0.710304156,0.69412203,0.754898838,0.493444618,0.4289545,0.515989668,0.64493536,0.727109073,0.780247405,0.814566776,0.801065984,0.802256048,0.260192472,0.32581779,0.423239298,0.619408163,0.752823062,0.847132087,0.903338197,0.90349999,0.844556741,0.242954155,0.290451873,0.378544344,0.561799178,0.741233427,0.86659177,0.937020663,0.966169901,0.917293915,0.26075306,0.248213685,0.298873128,0.491327135,0.716530281,0.850898019,0.946873356,1,0.87723123,0.310342373,0.225714183,0.238396,0.655641777,0.836158926,0.867967849,0.625354058,0.218971245,0.314713864,0.466895336
0.234336871,0.370357907,0.352144132,0.331805595,0.544957867,0.360326758,0.357894232,0.406211079,0.501880235,0.573781432,0.614597935,0.618677683,0.60417038,0.655324422,0.363010716,0.313462948,0.415103132,0.5632463,0.642954087,0.70859836,0.737093698,0.7224316,0.755025325,0.176782061,0.20306586,0.290076436,0.511277503,0.661395404,0.731175829,0.748026325,0.758757113,0.808696981,0.176898174,0.159078297,0.216961358,0.387391889,0.565058009,0.682431155,0.748090253,0.834178602,0.930250882,0.245142262,0.161131447,0.143029792,0.274440609,0.479414025,0.61644947,0.725738654,0.87723123,1,0.30566702,0.127221619,0.119257393,0.46075397,0.68281216,0.806012801,0.778730947,0.171713079,0.349851797,0.544705261
0.068354098,0.140078875,0.21432614,0.090937641,0.213410902,0.150432552,0.146446467,0.08171792,0.134275813,0.187805084,0.22223374,0.251823015,0.27321559,0.275267843,0.181283232,0.152934965,0.085164595,0.124115159,0.18111401,0.234205199,0.279292569,0.322833157,0.323058663,0.398771441,0.307716571,0.206552661,0.124753926,0.151181769,0.219252825,0.295504759,0.313175269,0.302899343,0.641500581,0.481217411,0.362423173,0.231624913,0.176844887,0.218706052,0.285917944,0.315033816,0.299543267,0.871929677,0.753359826,0.591800787,0.375728137,0.256896045,0.25026966,0.289852077,0.310342373,0.30566702,1,0.811380409,0.746684763,0.226236965,0.223967734,0.251271275,0.290834569,0.822881819,0.148916681,0.170480448
0.0361672,0.04970695,0.064746479,0.058539969,0.110216665,0.216221969,0.215151774,0.09475493,0.103997465,0.110254415,0.108592777,0.113127104,0.1181234,0.146866047,0.314179679,0.346364858,0.215188172,0.144643538,0.136478409,0.135122906,0.146403939,0.155550074,0.149833773,0.522597405,0.534694071,0.480992095,0.290010926,0.195190944,0.189693908,0.221577337,0.224510121,0.159268302,0.759386422,0.734432732,0.682405586,0.522097086,0.34440623,0.27106162,0.259561869,0.226992978,0.160362651,0.841790051,0.908652149,0.899228822,0.721307473,0.487342779,0.367754629,0.310385903,0.225714183,0.127221619,0.811380409,1,0.992651004,0.464814124,0.261228715,0.175051736,0.100538682,0.868216238,0.319691964,0.101569382
0.041003347,0.05402835,0.055407012,0.075555603,0.120411083,0.245354506,0.245062594,0.122387138,0.12779475,0.126969373,0.119330096,0.11917029,0.118580069,0.15407006,0.350506727,0.390225776,0.262787205,0.17952492,0.160849308,0.148492986,0.152339613,0.152429906,0.145236711,0.527736381,0.56470921,0.534906355,0.34535717,0.236286091,0.217311645,0.236903332,0.234896495,0.159380311,0.746707301,0.754850825,0.72997475,0.587322113,0.403244149,0.31231525,0.283159168,0.236982585,0.160076645,0.796906373,0.895087476,0.925793808,0.784118429,0.551827871,0.418129847,0.342542109,0.238396,0.119257393,0.746684763,0.992651004,1,0.53235026,0.302439928,0.1959026,0.086362033,0.840079184,0.362192343,0.110778279
0.173116434,0.29351374,0.245086654,0.332930453,0.482801336,0.395077055,0.400198709,0.428212255,0.492674691,0.51635236,0.520076621,0.513462895,0.47670331,0.54966643,0.466407194,0.493960381,0.580898649,0.592956304,0.588969156,0.555399138,0.540288075,0.49817377,0.492007882,0.279951005,0.42300804,0.601398802,0.697649833,0.700155249,0.67670156,0.627783793,0.593434779,0.508245407,0.307877588,0.447021367,0.611909157,0.779334008,0.832365483,0.781479072,0.6899845,0.601678833,0.498687375,0.249705175,0.370515061,0.567660629,0.819516308,0.928889648,0.887511105,0.782612406,0.655641777,0.46075397,0.226236965,0.464814124,0.53235026,1,0.899482849,0.769095453,0.452935211,0.366421623,0.665042517,0.55614042
0.21458567,0.383192598,0.359463362,0.384959301,0.601350689,0.371670758,0.375113111,0.461120841,0.563869509,0.624997381,0.656457003,0.664011036,0.633080809,0.698336914,0.41111996,0.403101599,0.548432365,0.642568393,0.685584692,0.688165531,0.697371238,0.675101915,0.672728582,0.211493408,0.298045123,0.460284317,0.652061359,0.748973765,0.781369123,0.76086449,0.73588491,0.678201148,0.207631577,0.286713704,0.422715354,0.635918487,0.801087701,0.843699951,0.805916573,0.760785284,0.685922272,0.201082479,0.229699965,0.348666357,0.610500107,0.841910244,0.907884697,0.882368591,0.836158926,0.68281216,0.223967734,0.261228715,0.302439928,0.899482849,1,0.958567269,0.679558902,0.22474465,0.573853268,0.690555732
0.214045806,0.379271806,0.361123122,0.364883105,0.589938575,0.339208406,0.341306622,0.446777877,0.55053134,0.620170616,0.661934401,0.670406249,0.640416227,0.696290869,0.361844596,0.34474094,0.502744599,0.624012351,0.680565021,0.701928799,0.716610136,0.696893206,0.70621643,0.184339344,0.232282805,0.37067426,0.591607704,0.722666203,0.76794868,0.750853601,0.73147958,0.715416815,0.176056758,0.208116893,0.310206021,0.518290219,0.713519315,0.787991282,0.780216728,0.778373782,0.755263047,0.20799916,0.177617529,0.233936844,0.455307218,0.706270246,0.813032508,0.836346624,0.867967849,0.806012801,0.251271275,0.175051736,0.1959026,0.769095453,0.958567269,1,0.822810238,0.175482965,0.547297905,0.762329631
