1,0.897915524,0.836913245,0.76059047,0.722284872,0.464406468,0.457323182,0.48822402,0.507565791,0.498729873,0.486535219,0.411528045,0.356987397,0.323187567,0.351470966,0.374442589,0.383612956,0.39317747,0.386485306,0.35794931,0.301817108,0.252091655,0.283123521,0.327575968,0.353412145,0.353488182,0.241483222,0.202471277,0.265522527,0.1817537,0.225277808,0.169282521,0.284559397,0.294132128,0.26158282,0.118808002,0.088419264,0.136238766,0.185164,0.209852798,0.199038812,0.18309914,0.195598358,0.170280468,0.079818563,0.077931952,0.162739918,0.185571559,0.20002632,0.170346612,0.053779655,0.050533262,0.080336048,0.239315219,0.259085138,0.252035653,0.187720107,0.075033557,0.192617025,0.209954201
0.897915524,1,0.947293255,0.784962932,0.820650446,0.44995869,0.452437221,0.496057352,0.524087197,0.541795828,0.557642182,0.488157428,0.428318752,0.373851416,0.317314954,0.358426825,0.388945857,0.417989481,0.43126841,0.399772843,0.34009255,0.289045467,0.318994522,0.280710005,0.329916041,0.361677608,0.294768962,0.273457336,0.310887143,0.209105684,0.239815605,0.176955862,0.233258531,0.274163734,0.277320252,0.160713264,0.1315957,0.16169554,0.198589189,0.220200644,0.235363365,0.137651883,0.169607309,0.177229405,0.09222831,0.075296031,0.167117754,0.188779696,0.221812148,0.225799648,0.041804875,0.040336853,0.070823824,0.230998404,0.305398007,0.29848162,0.266435508,0.080268582,0.221997032,0.261634282
0.836913245,0.947293255,1,0.728334929,0.814896927,0.388422932,0.396634741,0.442718281,0.476379589,0.504924951,0.541194931,0.487850939,0.436380798,0.383047367,0.269614118,0.310613381,0.344599422,0.385542652,0.415101172,0.386304024,0.331783233,0.28503057,0.302382404,0.231547946,0.286541601,0.327194648,0.290633799,0.285709848,0.307752426,0.201641999,0.228493019,0.169404219,0.190668747,0.238426843,0.253866065,0.1656852,0.144291061,0.16093588,0.184315352,0.205339446,0.243285463,0.10470862,0.138529521,0.157113673,0.0873973,0.066868479,0.147150507,0.165362736,0.20800852,0.249429006,0.044097934,0.035594651,0.060612535,0.204989688,0.294558014,0.28847478,0.285621013,0.089611258,0.214826847,0.252325502
0.76059047,0.784962932,0.728334929,1,0.900856485,0.715952313,0.726501132,0.78542959,0.792116143,0.786477841,0.779587166,0.670876746,0.563601301,0.432651006,0.485654307,0.544282528,0.585466857,0.615624325,0.633536167,0.572447813,0.448455854,0.354743548,0.411117826,0.456368985,0.495662886,0.537678373,0.466870372,0.439496366,0.459100389,0.292479344,0.276754349,0.139631547,0.388458186,0.424975128,0.451116126,0.281066852,0.259162801,0.256894702,0.249983974,0.16091125,0.134625877,0.309814645,0.334314208,0.327721324,0.217323761,0.162607298,0.18517967,0.155251003,0.142828997,0.120123352,0.110388192,0.103848984,0.091582068,0.155543888,0.169547742,0.165659322,0.152387741,0.079313655,0.212579429,0.189961664
0.722284872,0.820650446,0.814896927,0.900856485,1,0.574276469,0.591611993,0.668456901,0.702201856,0.751260248,0.807961462,0.734569577,0.635506378,0.480256249,0.358241949,0.421337285,0.484492703,0.56095281,0.632242792,0.583231637,0.473246023,0.385410896,0.397818128,0.318265011,0.381706102,0.458230332,0.4844004,0.508496987,0.48596872,0.299919241,0.27931655,0.143846583,0.25793951,0.32152875,0.392002064,0.313804908,0.318045021,0.281251848,0.239951758,0.155710229,0.163389325,0.197289695,0.232533439,0.270378984,0.217377243,0.163129604,0.168247753,0.121625711,0.124688167,0.160832947,0.100963679,0.083125351,0.077937559,0.154296807,0.182267275,0.178065674,0.191852435,0.102741904,0.23862102,0.224494689
0.464406468,0.44995869,0.388422932,0.715952313,0.574276469,1,0.874461845,0.828374695,0.764548948,0.743851215,0.670585549,0.592258906,0.517664062,0.42891739,0.78468255,0.795130648,0.731896026,0.673914465,0.628167349,0.61848217,0.544746493,0.446837374,0.541646505,0.737703502,0.750515321,0.733636336,0.549986907,0.399673259,0.552810258,0.477718433,0.41784146,0.225015386,0.681878311,0.736551498,0.733511229,0.427696139,0.365341058,0.433202329,0.464493692,0.253568212,0.139504773,0.557529878,0.679644349,0.659380092,0.440837938,0.356806925,0.388053104,0.345855065,0.263771169,0.108903073,0.189327504,0.248292321,0.215148595,0.160182866,0.189275805,0.190066829,0.147947826,0.082169656,0.194078351,0.177862895
0.457323182,0.452437221,0.396634741,0.726501132,0.591611993,0.874461845,1,0.97170779,0.918430597,0.87752153,0.803825656,0.738705176,0.671256771,0.553983075,0.824543384,0.912651961,0.925356847,0.8726713,0.806988221,0.783592135,0.707821177,0.611382692,0.638198003,0.789324819,0.859293966,0.88505379,0.703483885,0.557254112,0.707772135,0.604699783,0.567303105,0.348958736,0.701149917,0.801844223,0.800703484,0.509809963,0.421134656,0.519700306,0.570083195,0.388471384,0.265665289,0.511929492,0.651556314,0.666579267,0.462748284,0.391205943,0.456695646,0.436322379,0.378606334,0.200154951,0.126069261,0.198822649,0.205344025,0.221083725,0.281964567,0.283080987,0.213963165,0.101395921,0.223911865,0.193413101
0.48822402,0.496057352,0.442718281,0.78542959,0.668456901,0.828374695,0.97170779,1,0.960680095,0.929930886,0.869239098,0.795365056,0.713754593,0.561813359,0.760209538,0.85864881,0.913072664,0.897000682,0.853143605,0.813883312,0.715380061,0.607703246,0.627548963,0.731433997,0.811451061,0.863912346,0.729116319,0.6159628,0.727276045,0.588332658,0.540077656,0.319613159,0.643019436,0.744562685,0.765037152,0.514858929,0.439831715,0.511717024,0.537093462,0.358384091,0.251526969,0.474122046,0.592891446,0.619905663,0.446394899,0.375948636,0.431606854,0.393893639,0.341593075,0.195442721,0.117728757,0.178429401,0.185271967,0.213662298,0.266144839,0.266589726,0.211051464,0.097715786,0.225739663,0.19141299
0.507565791,0.524087197,0.476379589,0.792116143,0.702201856,0.764548948,0.918430597,0.960680095,1,0.960509682,0.915293278,0.830531131,0.758291925,0.604066099,0.734834827,0.823142403,0.895502251,0.925554832,0.902940422,0.857598194,0.749919647,0.63766693,0.674987524,0.712304848,0.789949582,0.846061311,0.724532321,0.638653327,0.743141228,0.587575688,0.562408168,0.33458706,0.633167158,0.71207775,0.719796078,0.484587282,0.426026949,0.515489118,0.543575588,0.384321001,0.258555884,0.480476412,0.569956181,0.579707212,0.423178599,0.372989136,0.446268955,0.405793144,0.345602626,0.191410484,0.127266432,0.184528864,0.198419688,0.235617815,0.281154967,0.281329433,0.202667324,0.086044921,0.189292007,0.178379157
0.498729873,0.541795828,0.504924951,0.786477841,0.751260248,0.743851215,0.87752153,0.929930886,0.960509682,1,0.957966252,0.887256984,0.810995207,0.625244865,0.681801948,0.770483795,0.854925611,0.910982719,0.921091163,0.886798391,0.778978345,0.655754344,0.642096651,0.644454117,0.736235652,0.818672453,0.762086494,0.700823192,0.787335634,0.618852332,0.551662463,0.315343212,0.570150753,0.668386416,0.715813765,0.539466044,0.489751267,0.545352795,0.541446131,0.354058974,0.249994867,0.417544479,0.523349165,0.570327028,0.442397942,0.38321298,0.44058437,0.370504447,0.306122393,0.195137672,0.108401098,0.159961244,0.176420912,0.218047246,0.252254102,0.251028771,0.206010142,0.101623949,0.226813777,0.193745387
0.486535219,0.557642182,0.541194931,0.779587166,0.807961462,0.670585549,0.803825656,0.869239098,0.915293278,0.957966252,1,0.954738637,0.877387579,0.672774728,0.583673664,0.67766311,0.777718158,0.873542292,0.931747865,0.904030078,0.803447771,0.692825297,0.627580585,0.539050112,0.63973683,0.749316386,0.784781114,0.769349772,0.814046058,0.627029016,0.558935325,0.311017467,0.460981382,0.573414814,0.662886579,0.563507537,0.537074892,0.577244007,0.535587558,0.333675786,0.230975155,0.344567328,0.442982531,0.522488506,0.455405992,0.40007488,0.428048916,0.331427277,0.264552329,0.174976848,0.114165509,0.15327157,0.171262901,0.218365844,0.230987579,0.229662771,0.186591811,0.117892626,0.23509552,0.202699568
0.411528045,0.488157428,0.487850939,0.670876746,0.734569577,0.592258906,0.738705176,0.795365056,0.830531131,0.887256984,0.954738637,1,0.938077971,0.759173567,0.535760297,0.63051942,0.736384526,0.838710992,0.91232718,0.914332976,0.863427538,0.783254128,0.609105552,0.471441037,0.593433699,0.724453671,0.825826965,0.821939002,0.867170029,0.700361803,0.640526337,0.38717925,0.395862014,0.540968504,0.658392137,0.640029827,0.607177699,0.64916845,0.588993282,0.376836648,0.268079407,0.269075291,0.392423933,0.513984105,0.492204183,0.438678617,0.440207927,0.337619777,0.274458136,0.1843328,0.095028992,0.133442666,0.159510735,0.224226418,0.228270938,0.229331209,0.188358151,0.157209334,0.280471396,0.236868487
0.356987397,0.428318752,0.436380798,0.563601301,0.635506378,0.517664062,0.671256771,0.713754593,0.758291925,0.810995207,0.877387579,0.938077971,1,0.853479267,0.526800261,0.602186488,0.703067894,0.807377886,0.868694814,0.888509146,0.871424317,0.843693256,0.622187026,0.453948833,0.571049872,0.68896883,0.784166178,0.778070039,0.849804855,0.736872756,0.699992284,0.475182081,0.389773705,0.520531292,0.613113132,0.604898713,0.5601606,0.646990877,0.614111406,0.437716342,0.312038493,0.251683162,0.372862867,0.484029502,0.46519304,0.428537516,0.451204017,0.366358588,0.305120219,0.204110595,0.081306479,0.119422659,0.154865758,0.231098228,0.234274735,0.236485033,0.186998704,0.161459512,0.259602104,0.221343853
0.323187567,0.373851416,0.383047367,0.432651006,0.480256249,0.42891739,0.553983075,0.561813359,0.604066099,0.625244865,0.672774728,0.759173567,0.853479267,1,0.494897102,0.528931576,0.590755279,0.663156594,0.68526649,0.724480335,0.755850305,0.791283426,0.566127613,0.393332396,0.499212867,0.582788063,0.609333661,0.572418345,0.692555429,0.645164379,0.71895767,0.6020141,0.354820463,0.463750761,0.501409887,0.475827699,0.400504735,0.523711885,0.553388137,0.489506291,0.372459369,0.174872769,0.303429089,0.381334858,0.334133891,0.3115091,0.341991383,0.327021996,0.303073804,0.202658882,0.060417659,0.075545532,0.108286606,0.208817926,0.201743258,0.206169281,0.160537542,0.181366243,0.260345455,0.222608898
0.351470966,0.317314954,0.269614118,0.485654307,0.358241949,0.78468255,0.824543384,0.760209538,0.734834827,0.681801948,0.583673664,0.535760297,0.526800261,0.494897102,1,0.880165686,0.804985222,0.729933215,0.63875639,0.663466351,0.646118759,0.57149395,0.612584935,0.909493558,0.889075166,0.802482791,0.525796789,0.35622317,0.588780171,0.586097864,0.594093112,0.413397642,0.846234041,0.864241721,0.740001686,0.384229175,0.301454961,0.477862697,0.599999651,0.481967057,0.31211373,0.632806803,0.758978606,0.675317374,0.420914215,0.382954703,0.500034276,0.555963171,0.486702181,0.212672538,0.166168746,0.273759651,0.289326604,0.266336312,0.359919808,0.360678529,0.221364282,0.086943719,0.141527357,0.157241756
0.374442589,0.358426825,0.310613381,0.544282528,0.421337285,0.795130648,0.912651961,0.85864881,0.823142403,0.770483795,0.67766311,0.63051942,0.602186488,0.528931576,0.880165686,1,0.941673973,0.851622177,0.748898305,0.753542063,0.726242186,0.650465104,0.655953664,0.880970902,0.951841064,0.925462388,0.659225654,0.47716242,0.688230755,0.65416192,0.646346063,0.432912284,0.804860857,0.894394339,0.827850554,0.483688981,0.383770293,0.542602207,0.648385992,0.501633186,0.344265136,0.576862869,0.73570535,0.716861589,0.472362169,0.419883192,0.537801824,0.560411388,0.490624179,0.24714446,0.138834623,0.238484494,0.256490192,0.259616173,0.357409066,0.359053303,0.247393439,0.096639263,0.178524869,0.17619938
0.383612956,0.388945857,0.344599422,0.585466857,0.484492703,0.731896026,0.925356847,0.913072664,0.895502251,0.854925611,0.777718158,0.736384526,0.703067894,0.590755279,0.804985222,0.941673973,1,0.955744079,0.866697745,0.847987651,0.799875432,0.722261605,0.699837205,0.786007887,0.908433147,0.967520718,0.787355937,0.632986319,0.791183552,0.7098318,0.690647563,0.475064764,0.705840833,0.845825049,0.844467469,0.572122067,0.465546653,0.599196532,0.679097263,0.535119608,0.396562329,0.486291241,0.652835782,0.699508404,0.50284775,0.445462317,0.561016278,0.551226545,0.497591741,0.298073841,0.104700029,0.188720598,0.217570157,0.25957106,0.359095113,0.361860009,0.272921538,0.113376187,0.210999682,0.19126071
0.39317747,0.417989481,0.385542652,0.615624325,0.56095281,0.673914465,0.8726713,0.897000682,0.925554832,0.910982719,0.873542292,0.838710992,0.807377886,0.663156594,0.729933215,0.851622177,0.955744079,1,0.964850026,0.939453448,0.873765867,0.78468829,0.729016074,0.700348543,0.827754264,0.931676362,0.858733143,0.754428031,0.876269971,0.750887922,0.714976809,0.467946299,0.623981345,0.766213272,0.812952822,0.61933129,0.539279355,0.665525669,0.702232586,0.522031173,0.35927947,0.441866514,0.592750878,0.66928192,0.531316037,0.483394351,0.588562935,0.527275766,0.44578521,0.251452197,0.107284241,0.182752065,0.219319843,0.275317656,0.332448089,0.333708115,0.227635148,0.110955877,0.207792778,0.19206753
0.386485306,0.43126841,0.415101172,0.633536167,0.632242792,0.628167349,0.806988221,0.853143605,0.902940422,0.921091163,0.931747865,0.91232718,0.868694814,0.68526649,0.63875639,0.748898305,0.866697745,0.964850026,1,0.977350691,0.898618981,0.796625105,0.703431417,0.601473828,0.726835137,0.856020714,0.8892246,0.840449519,0.921210677,0.755074693,0.693032146,0.421062671,0.52437265,0.67112642,0.766679656,0.654691527,0.606980575,0.708392107,0.688334718,0.464289093,0.303713409,0.390709984,0.525321385,0.630922933,0.556615664,0.510707539,0.576020949,0.470979279,0.375296718,0.206780561,0.126212622,0.188987984,0.222811072,0.273923995,0.294974963,0.294902026,0.195905737,0.124108584,0.219708839,0.202716063
0.35794931,0.399772843,0.386304024,0.572447813,0.583231637,0.61848217,0.783592135,0.813883312,0.857598194,0.886798391,0.904030078,0.914332976,0.888509146,0.724480335,0.663466351,0.753542063,0.847987651,0.939453448,0.977350691,1,0.959376743,0.861997924,0.700531982,0.620392047,0.738006632,0.85014337,0.874971064,0.809269348,0.952684927,0.831068622,0.76504257,0.477113421,0.549021795,0.697072778,0.781636235,0.666424507,0.614672322,0.760099864,0.756458081,0.516315409,0.330806973,0.400042873,0.553363761,0.660639106,0.583062667,0.544814823,0.617814862,0.520430943,0.409046532,0.212587253,0.121277579,0.192957806,0.233533496,0.285411856,0.30359343,0.303887171,0.193094021,0.126954584,0.218574666,0.206067748
0.301817108,0.34009255,0.331783233,0.448455854,0.473246023,0.544746493,0.707821177,0.715380061,0.749919647,0.778978345,0.803447771,0.863427538,0.871424317,0.755850305,0.646118759,0.726242186,0.799875432,0.873765867,0.898618981,0.959376743,1,0.946519496,0.696247465,0.590676792,0.714360315,0.816034769,0.836424291,0.749465796,0.946077094,0.902018933,0.869894123,0.587049861,0.525642032,0.688598382,0.764396254,0.670567177,0.606039247,0.800206248,0.831264833,0.612196451,0.403698961,0.356304326,0.533772638,0.658011021,0.591208739,0.567762859,0.65743116,0.58074653,0.467199869,0.237440295,0.097955101,0.170837141,0.221966265,0.290119423,0.320632305,0.321451033,0.192202678,0.131054007,0.21325018,0.208108436
0.252091655,0.289045467,0.28503057,0.354743548,0.385410896,0.446837374,0.611382692,0.607703246,0.63766693,0.655754344,0.692825297,0.783254128,0.843693256,0.791283426,0.57149395,0.650465104,0.722261605,0.78468829,0.796625105,0.861997924,0.946519496,1,0.684490987,0.499142527,0.628449135,0.733237384,0.77379168,0.69356633,0.87275034,0.891241309,0.916995946,0.703022654,0.440390174,0.604414126,0.680488464,0.635360663,0.55897861,0.761217102,0.818966698,0.67866514,0.481708764,0.277342558,0.447813276,0.585703951,0.550256395,0.537997145,0.626499671,0.576374805,0.495996832,0.27406584,0.071629529,0.1272735,0.179674535,0.269313022,0.317433281,0.319960185,0.18645087,0.137407185,0.206044242,0.201404752
0.283123521,0.318994522,0.302382404,0.411117826,0.397818128,0.541646505,0.638198003,0.627548963,0.674987524,0.642096651,0.627580585,0.609105552,0.622187026,0.566127613,0.612584935,0.655953664,0.699837205,0.729016074,0.703431417,0.700531982,0.696247465,0.684490987,1,0.566150438,0.660104111,0.723488241,0.631860143,0.518416098,0.655380189,0.623469751,0.679127647,0.511022165,0.519579883,0.64432683,0.685360374,0.482323252,0.428129489,0.588695644,0.685204116,0.561110549,0.33953058,0.440096511,0.577667747,0.645287653,0.511025233,0.48914585,0.664140633,0.591217573,0.48180541,0.20584881,0.165136244,0.248167313,0.281805483,0.296925758,0.370691707,0.37675092,0.203322557,0.059029085,0.114647798,0.181018377
0.327575968,0.280710005,0.231547946,0.456368985,0.318265011,0.737703502,0.789324819,0.731433997,0.712304848,0.644454117,0.539050112,0.471441037,0.453948833,0.393332396,0.909493558,0.880970902,0.786007887,0.700348543,0.601473828,0.620392047,0.590676792,0.499142527,0.566150438,1,0.914330634,0.788581513,0.479358365,0.314884855,0.535026794,0.534348905,0.525493786,0.340012096,0.9311641,0.88960674,0.723473526,0.34471624,0.279282495,0.447945676,0.563982433,0.44443107,0.265479605,0.757445812,0.826655385,0.684579106,0.420645875,0.390251677,0.507231434,0.567966516,0.480246327,0.185951221,0.253253724,0.373007131,0.373067775,0.307630573,0.393526399,0.393708806,0.225517159,0.105092364,0.122084486,0.158969845
0.353412145,0.329916041,0.286541601,0.495662886,0.381706102,0.750515321,0.859293966,0.811451061,0.789949582,0.736235652,0.63973683,0.593433699,0.571049872,0.499212867,0.889075166,0.951841064,0.908433147,0.827754264,0.726835137,0.738006632,0.714360315,0.628449135,0.660104111,0.914330634,1,0.932358635,0.644536812,0.45621462,0.677682528,0.64868786,0.64797994,0.435921052,0.877170365,0.958071659,0.855200721,0.48187219,0.38255178,0.555340133,0.669931454,0.529538687,0.355103495,0.648642546,0.804094115,0.760629609,0.498188991,0.446894079,0.576225558,0.609048482,0.528592631,0.252995331,0.182237115,0.293419569,0.310207854,0.294527655,0.396493906,0.397748188,0.25975218,0.105851185,0.167544974,0.18006197
0.353488182,0.361677608,0.327194648,0.537678373,0.458230332,0.733636336,0.88505379,0.863912346,0.846061311,0.818672453,0.749316386,0.724453671,0.68896883,0.582788063,0.802482791,0.925462388,0.967520718,0.931676362,0.856020714,0.85014337,0.816034769,0.733237384,0.723488241,0.788581513,0.932358635,1,0.832921652,0.655439487,0.827704025,0.750517293,0.72421508,0.489397809,0.732478313,0.90859653,0.933093066,0.6554977,0.543264733,0.682031022,0.750887711,0.560127966,0.394865927,0.519254937,0.72520112,0.801766515,0.60060377,0.531411141,0.638625759,0.604207782,0.520010465,0.286722308,0.138151964,0.233933394,0.261148893,0.281222986,0.366578514,0.368437489,0.263129817,0.128127204,0.226319318,0.205927176
0.241483222,0.294768962,0.290633799,0.466870372,0.4844004,0.549986907,0.703483885,0.729116319,0.724532321,0.762086494,0.784781114,0.825826965,0.784166178,0.609333661,0.525796789,0.659225654,0.787355937,0.858733143,0.8892246,0.874971064,0.836424291,0.77379168,0.631860143,0.479358365,0.644536812,0.832921652,1,0.937879996,0.944136783,0.807785342,0.694048379,0.450663901,0.423666055,0.640441245,0.839868076,0.891985172,0.836317835,0.848350854,0.753389347,0.466702217,0.324595508,0.315193333,0.498259096,0.718054973,0.749860296,0.6823011,0.649469995,0.486242464,0.385060863,0.224963976,0.127143734,0.194385021,0.223769878,0.251844589,0.27415005,0.275637726,0.198148536,0.175336683,0.284502496,0.239733138
0.202471277,0.273457336,0.285709848,0.439496366,0.508496987,0.399673259,0.557254112,0.6159628,0.638653327,0.700823192,0.769349772,0.821939002,0.778070039,0.572418345,0.35622317,0.47716242,0.632986319,0.754428031,0.840449519,0.809269348,0.749465796,0.69356633,0.518416098,0.314884855,0.45621462,0.655439487,0.937879996,1,0.881728486,0.700623532,0.572433504,0.355180172,0.268094007,0.437387152,0.645851377,0.835533305,0.835290174,0.764326111,0.609313403,0.363142505,0.262796567,0.219072596,0.330173622,0.530915574,0.652697207,0.603773731,0.525646391,0.35439646,0.278814347,0.189053196,0.140453911,0.183159344,0.20600019,0.235147356,0.23636146,0.237864177,0.181623886,0.207184165,0.296024221,0.241627891
0.265522527,0.310887143,0.307752426,0.459100389,0.48596872,0.552810258,0.707772135,0.727276045,0.743141228,0.787335634,0.814046058,0.867170029,0.849804855,0.692555429,0.588780171,0.688230755,0.791183552,0.876269971,0.921210677,0.952684927,0.946077094,0.87275034,0.655380189,0.535026794,0.677682528,0.827704025,0.944136783,0.881728486,1,0.897516968,0.800212909,0.518000353,0.474953061,0.6696022,0.819142909,0.81372233,0.763170238,0.880059561,0.833323307,0.548887138,0.365116972,0.342523399,0.527280669,0.708525846,0.703727814,0.662765009,0.681851948,0.555087226,0.436487064,0.232818138,0.124351802,0.197455435,0.239637035,0.286435534,0.306252733,0.307345117,0.200934462,0.165958522,0.263622484,0.240076168
0.1817537,0.209105684,0.201641999,0.292479344,0.299919241,0.477718433,0.604699783,0.588332658,0.587575688,0.618852332,0.627029016,0.700361803,0.736872756,0.645164379,0.586097864,0.65416192,0.7098318,0.750887922,0.755074693,0.831068622,0.902018933,0.891241309,0.623469751,0.534348905,0.64868786,0.750517293,0.807785342,0.700623532,0.897516968,1,0.877418424,0.643125778,0.494291047,0.66817178,0.772879228,0.744244642,0.677368984,0.873058785,0.907030483,0.676097909,0.456328393,0.349738696,0.556452749,0.727636915,0.715821667,0.69996922,0.748090794,0.674728738,0.549758863,0.278193441,0.094500949,0.184092685,0.238749778,0.278290037,0.333153597,0.332585324,0.193746627,0.123419911,0.18857476,0.186184122
0.225277808,0.239815605,0.228493019,0.276754349,0.27931655,0.41784146,0.567303105,0.540077656,0.562408168,0.551662463,0.558935325,0.640526337,0.699992284,0.71895767,0.594093112,0.646346063,0.690647563,0.714976809,0.693032146,0.76504257,0.869894123,0.916995946,0.679127647,0.525493786,0.64797994,0.72421508,0.694048379,0.572433504,0.800212909,0.877418424,1,0.817588866,0.48167418,0.654499464,0.695443458,0.594124853,0.501840389,0.759521895,0.896997624,0.841368052,0.616969436,0.304510155,0.505158453,0.631259307,0.560670402,0.561421043,0.679944754,0.708606828,0.648809461,0.356384916,0.072567919,0.142446468,0.202184691,0.292834029,0.395127608,0.396361066,0.219829355,0.119042415,0.177346368,0.197407673
0.169282521,0.176955862,0.169404219,0.139631547,0.143846583,0.225015386,0.348958736,0.319613159,0.33458706,0.315343212,0.311017467,0.38717925,0.475182081,0.6020141,0.413397642,0.432912284,0.475064764,0.467946299,0.421062671,0.477113421,0.587049861,0.703022654,0.511022165,0.340012096,0.435921052,0.489397809,0.450663901,0.355180172,0.518000353,0.643125778,0.817588866,1,0.321330689,0.454240049,0.457197025,0.414344585,0.309950972,0.515548319,0.679782496,0.860656301,0.795351672,0.16396989,0.320475697,0.422049193,0.380088781,0.391748775,0.480423394,0.610190338,0.67972902,0.518009947,0.059211991,0.071267261,0.110265801,0.196555656,0.372382118,0.373564862,0.253267452,0.124177268,0.119747843,0.134886049
0.284559397,0.233258531,0.190668747,0.388458186,0.25793951,0.681878311,0.701149917,0.643019436,0.633167158,0.570150753,0.460981382,0.395862014,0.389773705,0.354820463,0.846234041,0.804860857,0.705840833,0.623981345,0.52437265,0.549021795,0.525642032,0.440390174,0.519579883,0.9311641,0.877170365,0.732478313,0.423666055,0.268094007,0.474953061,0.494291047,0.48167418,0.321330689,1,0.901888451,0.700573915,0.332396035,0.272721066,0.423754071,0.536849697,0.435164261,0.255953729,0.856402621,0.893037155,0.705491222,0.435789291,0.403503479,0.504808491,0.574218234,0.483536874,0.188715605,0.326233033,0.453476406,0.439134092,0.33552187,0.404919987,0.405382404,0.228387179,0.149372679,0.132452749,0.16119795
0.294132128,0.274163734,0.238426843,0.424975128,0.32152875,0.736551498,0.801844223,0.744562685,0.71207775,0.668386416,0.573414814,0.540968504,0.520531292,0.463750761,0.864241721,0.894394339,0.845825049,0.766213272,0.67112642,0.697072778,0.688598382,0.604414126,0.64432683,0.88960674,0.958071659,0.90859653,0.640441245,0.437387152,0.6696022,0.66817178,0.654499464,0.454240049,0.901888451,1,0.908567019,0.529811613,0.424465116,0.603831779,0.719844489,0.559287291,0.369514565,0.705849619,0.896877423,0.865085914,0.58887878,0.524327591,0.640186403,0.673826861,0.576831576,0.2679488,0.240983156,0.368185599,0.377802174,0.318800649,0.417819255,0.417751808,0.268014688,0.138782009,0.182067269,0.186365062
0.26158282,0.277320252,0.253866065,0.451116126,0.392002064,0.733511229,0.800703484,0.765037152,0.719796078,0.715813765,0.662886579,0.658392137,0.613113132,0.501409887,0.740001686,0.827850554,0.844467469,0.812952822,0.766679656,0.781636235,0.764396254,0.680488464,0.685360374,0.723473526,0.855200721,0.933093066,0.839868076,0.645851377,0.819142909,0.772879228,0.695443458,0.457197025,0.700573915,0.908567019,1,0.763886414,0.662667246,0.784547665,0.810646813,0.529570676,0.340958203,0.548613128,0.79933242,0.936120346,0.774819626,0.688039141,0.731138959,0.646231204,0.516763581,0.244652904,0.199736737,0.313571446,0.330525836,0.287575169,0.343469255,0.342766004,0.228916386,0.142876102,0.233928947,0.211929746
0.118808002,0.160713264,0.1656852,0.281066852,0.313804908,0.427696139,0.509809963,0.514858929,0.484587282,0.539466044,0.563507537,0.640029827,0.604898713,0.475827699,0.384229175,0.483688981,0.572122067,0.61933129,0.654691527,0.666424507,0.670567177,0.635360663,0.482323252,0.34471624,0.48187219,0.6554977,0.891985172,0.835533305,0.81372233,0.744244642,0.594124853,0.414344585,0.332396035,0.529811613,0.763886414,1,0.957193716,0.877349646,0.716934729,0.406760036,0.282830432,0.265616853,0.439099426,0.702479654,0.856924464,0.801125913,0.641297328,0.449583587,0.338119451,0.188815041,0.133800459,0.197119184,0.220290116,0.217514736,0.217579367,0.219390244,0.158623082,0.201282026,0.306054821,0.255663477
0.088419264,0.1315957,0.144291061,0.259162801,0.318045021,0.365341058,0.421134656,0.439831715,0.426026949,0.489751267,0.537074892,0.607177699,0.5601606,0.400504735,0.301454961,0.383770293,0.465546653,0.539279355,0.606980575,0.614672322,0.606039247,0.55897861,0.428129489,0.279282495,0.38255178,0.543264733,0.836317835,0.835290174,0.763170238,0.677368984,0.501840389,0.309950972,0.272721066,0.424465116,0.662667246,0.957193716,1,0.868421631,0.654299475,0.322325518,0.190873099,0.255599193,0.384886854,0.633384014,0.862177224,0.831581244,0.623394214,0.397089209,0.266958288,0.127023555,0.148441866,0.216221064,0.237491332,0.215629501,0.193511087,0.194987321,0.139683734,0.168678504,0.259281498,0.23814079
0.136238766,0.16169554,0.16093588,0.256894702,0.281251848,0.433202329,0.519700306,0.511717024,0.515489118,0.545352795,0.577244007,0.64916845,0.646990877,0.523711885,0.477862697,0.542602207,0.599196532,0.665525669,0.708392107,0.760099864,0.800206248,0.761217102,0.588695644,0.447945676,0.555340133,0.682031022,0.848350854,0.764326111,0.880059561,0.873058785,0.759521895,0.515548319,0.423754071,0.603831779,0.784547665,0.877349646,0.868421631,1,0.909406001,0.573424252,0.334675145,0.363767126,0.554396863,0.780655983,0.893119177,0.893503443,0.830186194,0.665092843,0.490734033,0.19673834,0.165760514,0.269833557,0.32429994,0.328025062,0.327344601,0.324755797,0.167269566,0.138064679,0.196672472,0.217339489
0.185164,0.198589189,0.184315352,0.249983974,0.239951758,0.464493692,0.570083195,0.537093462,0.543575588,0.541446131,0.535587558,0.588993282,0.614111406,0.553388137,0.599999651,0.648385992,0.679097263,0.702232586,0.688334718,0.756458081,0.831264833,0.818966698,0.685204116,0.563982433,0.669931454,0.750887711,0.753389347,0.609313403,0.833323307,0.907030483,0.896997624,0.679782496,0.536849697,0.719844489,0.810646813,0.716934729,0.654299475,0.909406001,1,0.791179469,0.508190501,0.417128537,0.646916997,0.81516099,0.780455397,0.787761176,0.88360495,0.843753916,0.695775177,0.314147521,0.140125384,0.26421447,0.336682124,0.372495343,0.454497827,0.450607024,0.231314471,0.109746072,0.168431327,0.207477724
0.209852798,0.220200644,0.205339446,0.16091125,0.155710229,0.253568212,0.388471384,0.358384091,0.384321001,0.354058974,0.333675786,0.376836648,0.437716342,0.489506291,0.481967057,0.501633186,0.535119608,0.522031173,0.464289093,0.516315409,0.612196451,0.67866514,0.561110549,0.44443107,0.529538687,0.560127966,0.466702217,0.363142505,0.548887138,0.676097909,0.841368052,0.860656301,0.435164261,0.559287291,0.529570676,0.406760036,0.322325518,0.573424252,0.791179469,1,0.819880899,0.288368382,0.462404765,0.532650854,0.448301773,0.480125786,0.655864738,0.837063752,0.876835397,0.580766286,0.079228998,0.168253667,0.243945716,0.355303676,0.598973424,0.598404358,0.388082642,0.097841119,0.133681776,0.21095579
0.199038812,0.235363365,0.243285463,0.134625877,0.163389325,0.139504773,0.265665289,0.251526969,0.258555884,0.249994867,0.230975155,0.268079407,0.312038493,0.372459369,0.31211373,0.344265136,0.396562329,0.35927947,0.303713409,0.330806973,0.403698961,0.481708764,0.33953058,0.265479605,0.355103495,0.394865927,0.324595508,0.262796567,0.365116972,0.456328393,0.616969436,0.795351672,0.255953729,0.369514565,0.340958203,0.282830432,0.190873099,0.334675145,0.508190501,0.819880899,1,0.121787893,0.237746836,0.302955869,0.244393745,0.252986576,0.361067397,0.560023418,0.765025879,0.829563744,0.105050212,0.084076042,0.106255891,0.17726984,0.476416925,0.478850268,0.504392604,0.186875974,0.150493962,0.172309125
0.18309914,0.137651883,0.10470862,0.309814645,0.197289695,0.557529878,0.511929492,0.474122046,0.480476412,0.417544479,0.344567328,0.269075291,0.251683162,0.174872769,0.632806803,0.576862869,0.486291241,0.441866514,0.390709984,0.400042873,0.356304326,0.277342558,0.440096511,0.757445812,0.648642546,0.519254937,0.315193333,0.219072596,0.342523399,0.349738696,0.304510155,0.16396989,0.856402621,0.705849619,0.548613128,0.265616853,0.255599193,0.363767126,0.417128537,0.288368382,0.121787893,1,0.891129443,0.654446425,0.439644555,0.414730434,0.484190727,0.512992277,0.387488609,0.109093649,0.643451736,0.742393872,0.671953128,0.438224733,0.414388519,0.416720937,0.200481628,0.33240493,0.1818354,0.217371038
0.195598358,0.169607309,0.138529521,0.334314208,0.232533439,0.679644349,0.651556314,0.592891446,0.569956181,0.523349165,0.442982531,0.392423933,0.372862867,0.303429089,0.758978606,0.73570535,0.652835782,0.592750878,0.525321385,0.553363761,0.533772638,0.447813276,0.577667747,0.826655385,0.804094115,0.72520112,0.498259096,0.330173622,0.527280669,0.556452749,0.505158453,0.320475697,0.893037155,0.896877423,0.79933242,0.439099426,0.384886854,0.554396863,0.646916997,0.462404765,0.237746836,0.891129443,1,0.889878471,0.630017304,0.578278329,0.671857548,0.692776019,0.542480983,0.182814892,0.4712403,0.624335615,0.604010249,0.417540967,0.448013053,0.446145553,0.230638119,0.218559553,0.157909206,0.183049731
0.170280468,0.177229405,0.157113673,0.327721324,0.270378984,0.659380092,0.666579267,0.619905663,0.579707212,0.570327028,0.522488506,0.513984105,0.484029502,0.381334858,0.675317374,0.716861589,0.699508404,0.66928192,0.630922933,0.660639106,0.658011021,0.585703951,0.645287653,0.684579106,0.760629609,0.801766515,0.718054973,0.530915574,0.708525846,0.727636915,0.631259307,0.422049193,0.705491222,0.865085914,0.936120346,0.702479654,0.633384014,0.780655983,0.81516099,0.532650854,0.302955869,0.654446425,0.889878471,1,0.857484177,0.788966236,0.823474579,0.737639871,0.567748987,0.225045121,0.319938816,0.469558411,0.483730846,0.360987189,0.39401812,0.390547818,0.222544156,0.158612502,0.175912158,0.182283607
0.079818563,0.09222831,0.0873973,0.217323761,0.217377243,0.440837938,0.462748284,0.446394899,0.423178599,0.442397942,0.455405992,0.492204183,0.46519304,0.334133891,0.420914215,0.472362169,0.50284775,0.531316037,0.556615664,0.583062667,0.591208739,0.550256395,0.511025233,0.420645875,0.498188991,0.60060377,0.749860296,0.652697207,0.703727814,0.715821667,0.560670402,0.380088781,0.435789291,0.58887878,0.774819626,0.856924464,0.862177224,0.893119177,0.780455397,0.448301773,0.244393745,0.439644555,0.630017304,0.857484177,1,0.97511622,0.82270063,0.631233779,0.458086787,0.172469504,0.251180409,0.384975567,0.42505269,0.346335831,0.310694727,0.305208998,0.155267783,0.148576781,0.169815572,0.175955531
0.077931952,0.075296031,0.066868479,0.162607298,0.163129604,0.356806925,0.391205943,0.375948636,0.372989136,0.38321298,0.40007488,0.438678617,0.428537516,0.3115091,0.382954703,0.419883192,0.445462317,0.483394351,0.510707539,0.544814823,0.567762859,0.537997145,0.48914585,0.390251677,0.446894079,0.531411141,0.6823011,0.603773731,0.662765009,0.69996922,0.561421043,0.391748775,0.403503479,0.524327591,0.688039141,0.801125913,0.831581244,0.893503443,0.787761176,0.480125786,0.252986576,0.414730434,0.578278329,0.788966236,0.97511622,1,0.850864759,0.672993496,0.490503529,0.171652781,0.245447813,0.38957473,0.454943163,0.408974259,0.35368847,0.345585013,0.153921907,0.14606872,0.151462117,0.175116795
0.162739918,0.167117754,0.147150507,0.18517967,0.168247753,0.388053104,0.456695646,0.431606854,0.446268955,0.44058437,0.428048916,0.440207927,0.451204017,0.341991383,0.500034276,0.537801824,0.561016278,0.588562935,0.576020949,0.617814862,0.65743116,0.626499671,0.664140633,0.507231434,0.576225558,0.638625759,0.649469995,0.525646391,0.681851948,0.748090794,0.679944754,0.480423394,0.504808491,0.640186403,0.731138959,0.641297328,0.623394214,0.830186194,0.88360495,0.655864738,0.361067397,0.484190727,0.671857548,0.823474579,0.82270063,0.850864759,1,0.868115075,0.659411974,0.257883785,0.259455461,0.41928577,0.505614865,0.500849605,0.51745229,0.511995947,0.244639312,0.135446973,0.148969698,0.212702515
0.185571559,0.188779696,0.165362736,0.155251003,0.121625711,0.345855065,0.436322379,0.393893639,0.405793144,0.370504447,0.331427277,0.337619777,0.366358588,0.327021996,0.555963171,0.560411388,0.551226545,0.527275766,0.470979279,0.520430943,0.58074653,0.576374805,0.591217573,0.567966516,0.609048482,0.604207782,0.486242464,0.35439646,0.555087226,0.674728738,0.708606828,0.610190338,0.574218234,0.673826861,0.646231204,0.449583587,0.397089209,0.665092843,0.843753916,0.837063752,0.560023418,0.512992277,0.692776019,0.737639871,0.631233779,0.672993496,0.868115075,1,0.906803191,0.439292422,0.235776371,0.424299813,0.528341573,0.575170599,0.750059711,0.742187812,0.41612358,0.154033676,0.18927842,0.295554401
0.20002632,0.221812148,0.20800852,0.142828997,0.124688167,0.263771169,0.378606334,0.341593075,0.345602626,0.306122393,0.264552329,0.274458136,0.305120219,0.303073804,0.486702181,0.490624179,0.497591741,0.44578521,0.375296718,0.409046532,0.467199869,0.495996832,0.48180541,0.480246327,0.528592631,0.520010465,0.385060863,0.278814347,0.436487064,0.549758863,0.648809461,0.67972902,0.483536874,0.576831576,0.516763581,0.338119451,0.266958288,0.490734033,0.695775177,0.876835397,0.765025879,0.387488609,0.542480983,0.567748987,0.458086787,0.490503529,0.659411974,0.906803191,1,0.696800908,0.156101476,0.303019896,0.390848672,0.486047547,0.82768053,0.824390477,0.626261477,0.150102799,0.21178525,0.353695221
0.170346612,0.225799648,0.249429006,0.120123352,0.160832947,0.108903073,0.200154951,0.195442721,0.191410484,0.195137672,0.174976848,0.1843328,0.204110595,0.202658882,0.212672538,0.24714446,0.298073841,0.251452197,0.206780561,0.212587253,0.237440295,0.27406584,0.20584881,0.185951221,0.252995331,0.286722308,0.224963976,0.189053196,0.232818138,0.278193441,0.356384916,0.518009947,0.188715605,0.2679488,0.244652904,0.188815041,0.127023555,0.19673834,0.314147521,0.580766286,0.829563744,0.109093649,0.182814892,0.225045121,0.172469504,0.171652781,0.257883785,0.439292422,0.696800908,1,0.109762884,0.097959808,0.114094199,0.169769804,0.527061509,0.536371376,0.783712241,0.203036816,0.196595085,0.267402539
0.053779655,0.041804875,0.044097934,0.110388192,0.100963679,0.189327504,0.126069261,0.117728757,0.127266432,0.108401098,0.114165509,0.095028992,0.081306479,0.060417659,0.166168746,0.138834623,0.104700029,0.107284241,0.126212622,0.121277579,0.097955101,0.071629529,0.165136244,0.253253724,0.182237115,0.138151964,0.127143734,0.140453911,0.124351802,0.094500949,0.072567919,0.059211991,0.326233033,0.240983156,0.199736737,0.133800459,0.148441866,0.165760514,0.140125384,0.079228998,0.105050212,0.643451736,0.4712403,0.319938816,0.251180409,0.245447813,0.259455461,0.235776371,0.156101476,0.109762884,1,0.920653305,0.818670132,0.539940601,0.306186087,0.30694577,0.147440978,0.806814979,0.465325929,0.367277209
0.050533262,0.040336853,0.035594651,0.103848984,0.083125351,0.248292321,0.198822649,0.178429401,0.184528864,0.159961244,0.15327157,0.133442666,0.119422659,0.075545532,0.273759651,0.238484494,0.188720598,0.182752065,0.188987984,0.192957806,0.170837141,0.1272735,0.248167313,0.373007131,0.293419569,0.233933394,0.194385021,0.183159344,0.197455435,0.184092685,0.142446468,0.071267261,0.453476406,0.368185599,0.313571446,0.197119184,0.216221064,0.269833557,0.26421447,0.168253667,0.084076042,0.742393872,0.624335615,0.469558411,0.384975567,0.38957473,0.41928577,0.424299813,0.303019896,0.097959808,0.920653305,1,0.957561439,0.712872409,0.477470266,0.47428576,0.205387312,0.72034155,0.457965849,0.400540116
0.080336048,0.070823824,0.060612535,0.091582068,0.077937559,0.215148595,0.205344025,0.185271967,0.198419688,0.176420912,0.171262901,0.159510735,0.154865758,0.108286606,0.289326604,0.256490192,0.217570157,0.219319843,0.222811072,0.233533496,0.221966265,0.179674535,0.281805483,0.373067775,0.310207854,0.261148893,0.223769878,0.20600019,0.239637035,0.238749778,0.202184691,0.110265801,0.439134092,0.377802174,0.330525836,0.220290116,0.237491332,0.32429994,0.336682124,0.243945716,0.106255891,0.671953128,0.604010249,0.483730846,0.42505269,0.454943163,0.505614865,0.528341573,0.390848672,0.114094199,0.818670132,0.957561439,1,0.855513061,0.585851858,0.577103966,0.229799354,0.702057064,0.515579394,0.456001074
0.239315219,0.230998404,0.204989688,0.155543888,0.154296807,0.160182866,0.221083725,0.213662298,0.235617815,0.218047246,0.218365844,0.224226418,0.231098228,0.208817926,0.266336312,0.259616173,0.25957106,0.275317656,0.273923995,0.285411856,0.290119423,0.269313022,0.296925758,0.307630573,0.294527655,0.281222986,0.251844589,0.235147356,0.286435534,0.278290037,0.292834029,0.196555656,0.33552187,0.318800649,0.287575169,0.217514736,0.215629501,0.328025062,0.372495343,0.355303676,0.17726984,0.438224733,0.417540967,0.360987189,0.346335831,0.408974259,0.500849605,0.575170599,0.486047547,0.169769804,0.539940601,0.712872409,0.855513061,1,0.741968237,0.731313531,0.317758207,0.632611243,0.668904026,0.643547036
0.259085138,0.305398007,0.294558014,0.169547742,0.182267275,0.189275805,0.281964567,0.266144839,0.281154967,0.252254102,0.230987579,0.228270938,0.234274735,0.201743258,0.359919808,0.357409066,0.359095113,0.332448089,0.294974963,0.30359343,0.320632305,0.317433281,0.370691707,0.393526399,0.396493906,0.366578514,0.27415005,0.23636146,0.306252733,0.333153597,0.395127608,0.372382118,0.404919987,0.417819255,0.343469255,0.217579367,0.193511087,0.327344601,0.454497827,0.598973424,0.476416925,0.414388519,0.448013053,0.39401812,0.310694727,0.35368847,0.51745229,0.750059711,0.82768053,0.527061509,0.306186087,0.477470266,0.585851858,0.741968237,1,0.997772821,0.731602269,0.339353952,0.475582047,0.689063861
0.252035653,0.29848162,0.28847478,0.165659322,0.178065674,0.190066829,0.283080987,0.266589726,0.281329433,0.251028771,0.229662771,0.229331209,0.236485033,0.206169281,0.360678529,0.359053303,0.361860009,0.333708115,0.294902026,0.303887171,0.321451033,0.319960185,0.37675092,0.393708806,0.397748188,0.368437489,0.275637726,0.237864177,0.307345117,0.332585324,0.396361066,0.373564862,0.405382404,0.417751808,0.342766004,0.219390244,0.194987321,0.324755797,0.450607024,0.598404358,0.478850268,0.416720937,0.446145553,0.390547818,0.305208998,0.345585013,0.511995947,0.742187812,0.824390477,0.536371376,0.30694577,0.47428576,0.577103966,0.731313531,0.997772821,1,0.747691471,0.338745774,0.475704007,0.700448218
