1,0.911420395,0.849905554,0.837277337,0.863231494,0.79916475,0.765019661,0.76959153,0.777924708,0.670702181,0.591705363,0.747188101,0.498041323,0.586894245,0.592510548,0.462615834,0.7094761,0.510911533,0.555436289,0.614415604,0.144186468,0.623065031,0.642035429,0.640379724,0.617175462,0.498496374,0.315929813,0.549569308,0.561886797,0.20978571,0.147221053,0.540964909,0.65639134,0.222344769,0.541676868,0.398135249,0.315416535,0.544590712,0.565534679,0.494192424,0.567820513,0.170689731,0.408387247,0.561455414,0.539320566,0.153886795,0.56888141,0.539772683,0.606332789,0.574032733,0.558310923,0.34800776,0.604835514,0.521918355,0.470965246,0.561893555,0.522845725,0.550707493,0.380954489,0.203994298
0.911420395,1,0.877864946,0.86434493,0.887910001,0.752830787,0.768747561,0.793033132,0.825946069,0.733074952,0.698121658,0.823491105,0.455675539,0.565554166,0.605875319,0.484320797,0.731033743,0.523486962,0.558483452,0.615732426,0.185760374,0.599858824,0.630947366,0.632127692,0.610792801,0.489515787,0.31818797,0.540217403,0.55571495,0.206954699,0.146137228,0.475726712,0.644127784,0.243493118,0.540390969,0.382670041,0.299523633,0.53792348,0.576284196,0.520556076,0.555809778,0.20220546,0.429229907,0.570387444,0.547672868,0.149895115,0.577409966,0.552328192,0.600000185,0.565526292,0.593534935,0.391285105,0.615628447,0.544959636,0.504962583,0.586013502,0.549221273,0.581622979,0.341512106,0.23629856
0.849905554,0.877864946,1,0.905831756,0.876580014,0.829469135,0.8424442,0.863706578,0.845397757,0.638852469,0.608315328,0.831975342,0.530900681,0.636840001,0.668021933,0.526379512,0.775512666,0.592952912,0.645677191,0.717185051,0.173512536,0.715630128,0.743101177,0.736820617,0.711603792,0.570260612,0.368739847,0.654357123,0.664178181,0.246800592,0.132976541,0.590308827,0.757941537,0.261226902,0.638068981,0.410218367,0.327154009,0.655875288,0.618927867,0.514802067,0.650673573,0.241846026,0.51153186,0.672521234,0.650225659,0.175695238,0.682082188,0.645272385,0.704656868,0.644180353,0.684479553,0.453787062,0.726089879,0.640714705,0.576000949,0.67161109,0.609020856,0.676272429,0.413174633,0.275921998
0.837277337,0.86434493,0.905831756,1,0.861677604,0.863897851,0.91206759,0.943041588,0.928444875,0.689646271,0.660820487,0.858550563,0.518460643,0.640967777,0.699325944,0.568196417,0.849904714,0.634341967,0.673980811,0.735592971,0.194314672,0.710710046,0.750903191,0.752072925,0.72306953,0.573347354,0.380309064,0.665168785,0.667437724,0.243346096,0.131652672,0.597918903,0.786160341,0.267831324,0.635759695,0.449904034,0.359796212,0.649069953,0.642018316,0.514725195,0.64825364,0.227484656,0.492152751,0.665661048,0.645151489,0.184964819,0.669940514,0.629792949,0.697761174,0.644607395,0.667836254,0.430953742,0.72256483,0.625566209,0.554548335,0.661863325,0.599294737,0.662584023,0.451471141,0.259832194
0.863231494,0.887910001,0.876580014,0.861677604,1,0.763335514,0.773421731,0.80650835,0.829501123,0.738657815,0.701865662,0.851448308,0.463357184,0.555201074,0.61229681,0.462637283,0.73947553,0.522566368,0.575587324,0.652483194,0.178398026,0.640973065,0.655136758,0.658363368,0.629083929,0.52660445,0.325676254,0.574144728,0.597472395,0.220730863,0.128053873,0.520509495,0.663510083,0.236568137,0.578286108,0.377150168,0.309793391,0.583032216,0.569347829,0.504760073,0.578584941,0.219092229,0.458225988,0.602955356,0.576931584,0.154773762,0.612053469,0.582215501,0.632258245,0.581919225,0.611776526,0.407750421,0.644898934,0.563002757,0.515138829,0.600251218,0.558614731,0.598933791,0.366336228,0.246691872
0.79916475,0.752830787,0.829469135,0.863897851,0.763335514,1,0.895680691,0.860921833,0.806128385,0.568535588,0.503176156,0.723730971,0.5558697,0.64841912,0.661581552,0.507207988,0.791283666,0.570563577,0.630277847,0.707368355,0.140114974,0.729060878,0.75735695,0.74932451,0.718158464,0.549688315,0.336472798,0.64282653,0.648520447,0.235808976,0.126552347,0.663331639,0.803662829,0.216346677,0.607422473,0.512603065,0.416896603,0.627320362,0.634606456,0.488568034,0.670887512,0.189024352,0.445820151,0.630000295,0.602608508,0.177632564,0.64187781,0.599024282,0.702227599,0.646403901,0.620952116,0.37098084,0.691488738,0.576673577,0.507239258,0.639076096,0.57875863,0.615145421,0.511074339,0.228582296
0.765019661,0.768747561,0.8424442,0.91206759,0.773421731,0.895680691,1,0.953016408,0.900805267,0.60981257,0.602826539,0.814798404,0.51479137,0.641073176,0.711869886,0.577152032,0.888577015,0.624374758,0.661471282,0.734082737,0.182034725,0.722179305,0.775965199,0.778741553,0.736629316,0.556468734,0.352779561,0.671434721,0.668141189,0.235605217,0.115777333,0.651248948,0.838470079,0.239628144,0.628340508,0.494226176,0.399312052,0.653897328,0.644981149,0.490204629,0.67403748,0.212042143,0.469127124,0.660469618,0.639660199,0.184836949,0.661749409,0.614899479,0.706228365,0.642559232,0.653450397,0.405688272,0.729518608,0.605343996,0.520437126,0.65639943,0.585052875,0.654678782,0.526638565,0.24098438
0.76959153,0.793033132,0.863706578,0.943041588,0.80650835,0.860921833,0.953016408,1,0.961575933,0.681778536,0.662515512,0.858622476,0.509252087,0.642098941,0.715030015,0.596625788,0.922771953,0.67089438,0.697443459,0.758790437,0.201863087,0.722874511,0.775172128,0.777092473,0.74742969,0.589008119,0.390541212,0.689602924,0.682864828,0.242642911,0.120561777,0.630890338,0.836227321,0.268369878,0.649973685,0.495623056,0.396117817,0.661583525,0.672141432,0.516951098,0.67064133,0.227051695,0.492180897,0.675961778,0.65611152,0.193018709,0.674722402,0.630526074,0.713789021,0.655920993,0.672222165,0.427734137,0.739241093,0.62275257,0.544662363,0.670553174,0.608131034,0.67056178,0.500415178,0.255256395
0.777924708,0.825946069,0.845397757,0.928444875,0.829501123,0.806128385,0.900805267,0.961575933,1,0.809167232,0.794260418,0.917363928,0.444626329,0.596884069,0.652429266,0.535014465,0.933948854,0.61613458,0.644330121,0.705537103,0.244353157,0.655384748,0.718804055,0.706798864,0.673856108,0.520198422,0.343969981,0.60453973,0.61377474,0.221809077,0.131941389,0.57042324,0.784479682,0.247946165,0.575977648,0.527322439,0.412633215,0.575069492,0.702580795,0.558871398,0.60993048,0.194520935,0.420165902,0.604126291,0.584038908,0.185440344,0.6004222,0.563127174,0.648413155,0.606143916,0.613899123,0.372730484,0.669046661,0.549180267,0.487708676,0.612682834,0.575888001,0.60679355,0.494196567,0.222632632
0.670702181,0.733074952,0.638852469,0.689646271,0.738657815,0.568535588,0.60981257,0.681778536,0.809167232,1,0.907420073,0.796417059,0.309386568,0.411458128,0.408813069,0.305660095,0.731346627,0.373185178,0.413172808,0.467320859,0.329296632,0.424486988,0.448847975,0.433804866,0.412772398,0.338656287,0.255794839,0.352441368,0.378849235,0.205350532,0.216670008,0.365769692,0.502593173,0.184758977,0.353192502,0.501887642,0.433704099,0.325980972,0.634876999,0.588740516,0.401452508,0.100271465,0.235853516,0.360479267,0.333985872,0.187974374,0.35318611,0.324419555,0.405250272,0.397677479,0.36317036,0.206985074,0.393440181,0.302248815,0.284194519,0.372339888,0.394261144,0.349639967,0.381754792,0.129733544
0.591705363,0.698121658,0.608315328,0.660820487,0.701865662,0.503176156,0.602826539,0.662515512,0.794260418,0.907420073,1,0.857973748,0.259489152,0.374572384,0.423102653,0.351392589,0.703448079,0.382280124,0.397811246,0.460269722,0.456614399,0.39890467,0.452123967,0.432870711,0.395446612,0.304717295,0.204936604,0.322613677,0.365872464,0.203620791,0.211488019,0.322074995,0.489974459,0.181495047,0.335415798,0.421705197,0.351043459,0.313062801,0.561602962,0.51929207,0.362437593,0.144439757,0.241967102,0.358539099,0.339547538,0.148969861,0.348936941,0.327149819,0.386276376,0.37117657,0.392979758,0.247657673,0.408837294,0.316946299,0.296288578,0.381467961,0.389606099,0.38346539,0.34920032,0.15799288
0.747188101,0.823491105,0.831975342,0.858550563,0.851448308,0.723730971,0.814798404,0.858622476,0.917363928,0.796417059,0.857973748,1,0.432689319,0.558962374,0.626381314,0.505160614,0.828262604,0.543839695,0.58199828,0.677897096,0.319085534,0.651420353,0.696004792,0.674013789,0.636213139,0.50338888,0.309340511,0.558945223,0.586327934,0.220603795,0.146219324,0.525639665,0.717779477,0.251148248,0.565724965,0.439857099,0.354927506,0.560710695,0.678672799,0.574996106,0.560474045,0.226544623,0.441829728,0.600992925,0.580821362,0.17145704,0.593932413,0.552042738,0.618647175,0.563036707,0.627005797,0.415902813,0.66542051,0.562075936,0.500732133,0.597947683,0.552461262,0.626730781,0.423729096,0.248306017
0.498041323,0.455675539,0.530900681,0.518460643,0.463357184,0.5558697,0.51479137,0.509252087,0.444626329,0.309386568,0.259489152,0.432689319,1,0.825514314,0.596602853,0.552915771,0.433285609,0.692757651,0.745717404,0.752211418,0.473566293,0.812378842,0.668115608,0.58196273,0.601596326,0.526370176,0.486403972,0.648066907,0.718157745,0.595005581,0.43967956,0.624338438,0.518749461,0.297381326,0.538515164,0.304412541,0.26023899,0.605692333,0.325755281,0.240559273,0.616761905,0.151793304,0.403309447,0.520068794,0.498977349,0.176243063,0.550276858,0.548627209,0.596311281,0.589777567,0.428475304,0.277450952,0.506521604,0.444776582,0.396163905,0.487064611,0.436494494,0.418015946,0.329922454,0.161981671
0.586894245,0.565554166,0.636840001,0.640967777,0.555201074,0.64841912,0.641073176,0.642098941,0.596884069,0.411458128,0.374572384,0.558962374,0.825514314,1,0.686960805,0.57088795,0.586217568,0.670025598,0.727202849,0.771501739,0.298200662,0.829419624,0.79114865,0.680629973,0.680761234,0.550045823,0.426405838,0.632105468,0.694498218,0.414990675,0.33951996,0.746505888,0.645441045,0.296264911,0.578481596,0.383379109,0.310772261,0.603374445,0.473530698,0.320368661,0.677694159,0.121593521,0.391924292,0.568947188,0.551476195,0.192832426,0.583920921,0.564358954,0.653318317,0.660014782,0.469045936,0.263972737,0.574359797,0.481189746,0.413447661,0.525254033,0.475038209,0.464616178,0.453926517,0.142036403
0.592510548,0.605875319,0.668021933,0.699325944,0.61229681,0.661581552,0.711869886,0.715030015,0.652429266,0.408813069,0.423102653,0.626381314,0.596602853,0.686960805,1,0.829183562,0.605823753,0.781007745,0.766324486,0.778943678,0.199954396,0.734504264,0.717028814,0.870999054,0.817088075,0.757486684,0.585073618,0.743373356,0.741204627,0.319040522,0.172399389,0.60426405,0.670452161,0.501419571,0.781731526,0.260864261,0.231306662,0.73804542,0.466431834,0.357701422,0.635342709,0.321107663,0.670864113,0.769678489,0.748443106,0.264629549,0.744050079,0.698388971,0.720896715,0.677040343,0.680528594,0.549328785,0.751971443,0.707057191,0.611828797,0.651752176,0.560225808,0.694531526,0.290192248,0.303112309
0.462615834,0.484320797,0.526379512,0.568196417,0.462637283,0.507207988,0.577152032,0.596625788,0.535014465,0.305660095,0.351392589,0.505160614,0.552915771,0.57088795,0.829183562,1,0.497049724,0.859885396,0.763737607,0.696719868,0.317877199,0.613931067,0.590230512,0.712529011,0.757228002,0.808551574,0.747102611,0.714667343,0.672142328,0.339390765,0.216286403,0.46812734,0.518320907,0.690133604,0.764546909,0.199281355,0.179382216,0.67926631,0.363746459,0.287245219,0.474432185,0.389225651,0.711501145,0.714610417,0.707928883,0.367579842,0.680218358,0.6341235,0.590004495,0.530013095,0.628807207,0.611929366,0.666064572,0.68835373,0.592523004,0.565371776,0.455527296,0.659760569,0.168656532,0.351420574
0.7094761,0.731033743,0.775512666,0.849904714,0.73947553,0.791283666,0.888577015,0.922771953,0.933948854,0.731346627,0.703448079,0.828262604,0.433285609,0.586217568,0.605823753,0.497049724,1,0.564603414,0.585445109,0.655203598,0.211602665,0.629839536,0.695186278,0.685733085,0.658968941,0.479893936,0.319416942,0.565861544,0.579489187,0.22079165,0.127139839,0.592185958,0.815473458,0.228210416,0.533797898,0.613701065,0.456811944,0.536609613,0.687238752,0.524079868,0.612548465,0.15376915,0.350127219,0.555815018,0.538634372,0.195350088,0.546269372,0.509619626,0.612089852,0.577326385,0.537420544,0.291394848,0.61814706,0.470944612,0.399733747,0.552358861,0.526658223,0.529075572,0.582532173,0.1735092
0.510911533,0.523486962,0.592952912,0.634341967,0.522566368,0.570563577,0.624374758,0.67089438,0.61613458,0.373185178,0.382280124,0.543839695,0.692757651,0.670025598,0.781007745,0.859885396,0.564603414,1,0.960450096,0.873487522,0.414047329,0.748589104,0.698330281,0.72118908,0.779423585,0.777914058,0.793841634,0.856495798,0.854239587,0.515755325,0.295306452,0.544700691,0.575805061,0.57428347,0.768671231,0.269387914,0.233630584,0.788789676,0.375801098,0.281893295,0.58268837,0.352338646,0.681102837,0.748065828,0.756446442,0.35369672,0.76582261,0.730052526,0.667391871,0.589311048,0.660071658,0.575981523,0.701037483,0.705773816,0.614591439,0.617740997,0.500881647,0.672773209,0.210311929,0.336577049
0.555436289,0.558483452,0.645677191,0.673980811,0.575587324,0.630277847,0.661471282,0.697443459,0.644330121,0.413172808,0.397811246,0.58199828,0.745717404,0.727202849,0.766324486,0.763737607,0.585445109,0.960450096,1,0.950094321,0.393890213,0.830734527,0.767117199,0.752783738,0.79944097,0.741883238,0.737601114,0.895932832,0.924482727,0.549246647,0.302036161,0.613272835,0.630795543,0.488594075,0.767205576,0.314613328,0.277924923,0.827596681,0.420528503,0.305332999,0.665182503,0.307076861,0.647817504,0.762227859,0.766807812,0.316531681,0.795337209,0.759759864,0.721800691,0.642830324,0.663062552,0.530291323,0.723908574,0.703323451,0.612918543,0.650535561,0.537680311,0.669280622,0.271164213,0.312291254
0.614415604,0.615732426,0.717185051,0.735592971,0.652483194,0.707368355,0.734082737,0.758790437,0.705537103,0.467320859,0.460269722,0.677897096,0.752211418,0.771501739,0.778943678,0.696719868,0.655203598,0.873487522,0.950094321,1,0.350707574,0.903682353,0.843436889,0.811505852,0.834678097,0.71629562,0.61261941,0.873107389,0.942937058,0.505792373,0.262464441,0.691396423,0.721606682,0.395111366,0.7653502,0.374297841,0.329609999,0.831587346,0.514735931,0.376029967,0.728322631,0.274703574,0.617301199,0.776249315,0.764881162,0.254000637,0.806789354,0.764423176,0.7796524,0.696336289,0.69213327,0.507530846,0.767519388,0.697663643,0.604872896,0.688651739,0.588074633,0.693719826,0.370930376,0.287151114
0.144186468,0.185760374,0.173512536,0.194314672,0.178398026,0.140114974,0.182034725,0.201863087,0.244353157,0.329296632,0.456614399,0.319085534,0.473566293,0.298200662,0.199954396,0.317877199,0.211602665,0.414047329,0.393890213,0.350707574,1,0.318701992,0.2239206,0.151732957,0.168785841,0.17560834,0.319377981,0.271737853,0.353085604,0.700134981,0.594534233,0.174588338,0.141965126,0.217707263,0.163399151,0.140972983,0.12475049,0.242923271,0.161866623,0.185335493,0.169786305,0.14969917,0.165078809,0.154648088,0.166105526,0.159508795,0.188393475,0.218536954,0.163545035,0.153939453,0.155563474,0.170911926,0.146051357,0.15243802,0.150046423,0.1573255,0.142877743,0.155751383,0.112533514,0.142604346
0.623065031,0.599858824,0.715630128,0.710710046,0.640973065,0.729060878,0.722179305,0.722874511,0.655384748,0.424486988,0.39890467,0.651420353,0.812378842,0.829419624,0.734504264,0.613931067,0.629839536,0.748589104,0.830734527,0.903682353,0.318701992,1,0.87323499,0.792320548,0.803410197,0.67514711,0.512141892,0.790473592,0.86650949,0.489477882,0.314762558,0.780910074,0.727047935,0.330821497,0.725165367,0.386770263,0.338909045,0.784777271,0.529029051,0.384809379,0.779350311,0.222725136,0.551894898,0.726932685,0.701024794,0.218040695,0.762077891,0.736819405,0.798517279,0.739975156,0.633200399,0.422139024,0.73119416,0.644565502,0.568701335,0.681792394,0.59755314,0.63026088,0.427626895,0.254234763
0.642035429,0.630947366,0.743101177,0.750903191,0.655136758,0.75735695,0.775965199,0.775172128,0.718804055,0.448847975,0.452123967,0.696004792,0.668115608,0.79114865,0.717028814,0.590230512,0.695186278,0.698330281,0.767117199,0.843436889,0.2239206,0.87323499,1,0.799769991,0.799784805,0.639552515,0.443411689,0.738330594,0.782400091,0.340795603,0.216271395,0.774354016,0.781412304,0.311009613,0.705561126,0.408389236,0.347267222,0.732536469,0.590681309,0.430200316,0.75402619,0.212427061,0.528539026,0.72278077,0.704531909,0.210364995,0.738765409,0.697583105,0.772130382,0.708355258,0.646078162,0.42500955,0.750778933,0.640896894,0.546023499,0.67322272,0.587561742,0.655435686,0.481958164,0.237356127
0.640379724,0.632127692,0.736820617,0.752072925,0.658363368,0.74932451,0.778741553,0.777092473,0.706798864,0.433804866,0.432870711,0.674013789,0.58196273,0.680629973,0.870999054,0.712529011,0.685733085,0.72118908,0.752783738,0.811505852,0.151732957,0.792320548,0.799769991,1,0.885659982,0.742382591,0.514155617,0.775959291,0.772835427,0.285385275,0.130385206,0.674831933,0.805388627,0.418019326,0.805390175,0.362873968,0.316948407,0.774254776,0.553314615,0.419424059,0.725658095,0.320700484,0.666199323,0.811197166,0.779899584,0.243565611,0.786799892,0.733046338,0.794689739,0.732645449,0.736509051,0.5454058,0.819890226,0.737087042,0.640487231,0.721164928,0.62478608,0.74287991,0.39149112,0.312134534
0.617175462,0.610792801,0.711603792,0.72306953,0.629083929,0.718158464,0.736629316,0.74742969,0.673856108,0.412772398,0.395446612,0.636213139,0.601596326,0.680761234,0.817088075,0.757228002,0.658968941,0.779423585,0.79944097,0.834678097,0.168785841,0.803410197,0.799784805,0.885659982,1,0.846560808,0.61275121,0.812189041,0.802956031,0.306172384,0.151582867,0.659624001,0.773739468,0.524835072,0.879784242,0.359086336,0.312193955,0.799717182,0.548070283,0.414506658,0.712433518,0.332482259,0.714175841,0.853004541,0.82128835,0.2842405,0.819349909,0.759349194,0.792666905,0.718473404,0.739086261,0.579834013,0.82826791,0.765679727,0.662660539,0.722592617,0.617641362,0.753721941,0.34753902,0.331562132
0.498496374,0.489515787,0.570260612,0.573347354,0.52660445,0.549688315,0.556468734,0.589008119,0.520198422,0.338656287,0.304717295,0.50338888,0.526370176,0.550045823,0.757486684,0.808551574,0.479893936,0.777914058,0.741883238,0.71629562,0.17560834,0.67514711,0.639552515,0.742382591,0.846560808,1,0.790792841,0.811038141,0.731054814,0.317423824,0.178295511,0.54467526,0.577699535,0.71072382,0.937024691,0.264413887,0.296178755,0.791573229,0.433756741,0.342927464,0.586213203,0.430320566,0.815453073,0.825107401,0.788769122,0.395665209,0.77667484,0.715400617,0.700295329,0.623404909,0.675704794,0.659117145,0.753377111,0.762578885,0.678963408,0.660727576,0.547042605,0.707358099,0.232941244,0.423293709
0.315929813,0.31818797,0.368739847,0.380309064,0.325676254,0.336472798,0.352779561,0.390541212,0.343969981,0.255794839,0.204936604,0.309340511,0.486403972,0.426405838,0.585073618,0.747102611,0.319416942,0.793841634,0.737601114,0.61261941,0.319377981,0.512141892,0.443411689,0.514155617,0.61275121,0.790792841,1,0.784140905,0.680574358,0.426323975,0.274358249,0.347937447,0.340165429,0.80868131,0.754778587,0.283842913,0.352446941,0.720412376,0.283580647,0.229427452,0.391857348,0.414658431,0.736915808,0.671692411,0.697607426,0.655702172,0.649886724,0.584509675,0.470054538,0.401926215,0.47915717,0.594791397,0.550281406,0.648992133,0.536174372,0.439549642,0.316097553,0.529206914,0.143975846,0.382315452
0.549569308,0.540217403,0.654357123,0.665168785,0.574144728,0.64282653,0.671434721,0.689602924,0.60453973,0.352441368,0.322613677,0.558945223,0.648066907,0.632105468,0.743373356,0.714667343,0.565861544,0.856495798,0.895932832,0.873107389,0.271737853,0.790473592,0.738330594,0.775959291,0.812189041,0.811038141,0.784140905,1,0.909579894,0.453541303,0.217697515,0.611419851,0.658385375,0.501507892,0.862174505,0.321675973,0.384190292,0.933700413,0.47071468,0.351043303,0.694597795,0.374564661,0.756057956,0.835819542,0.839456373,0.41236094,0.849072742,0.772666993,0.757431044,0.656725039,0.703228418,0.623687988,0.803261758,0.79507101,0.676562951,0.701748776,0.561856524,0.740021497,0.311506086,0.391538347
0.561886797,0.55571495,0.664178181,0.667437724,0.597472395,0.648520447,0.668141189,0.682864828,0.61377474,0.378849235,0.365872464,0.586327934,0.718157745,0.694498218,0.741204627,0.672142328,0.579489187,0.854239587,0.924482727,0.942937058,0.353085604,0.86650949,0.782400091,0.772835427,0.802956031,0.731054814,0.680574358,0.909579894,1,0.615648648,0.30890759,0.645946189,0.663423047,0.440610599,0.789963913,0.341776453,0.333295802,0.914918246,0.478293409,0.340321568,0.726727381,0.322033639,0.665575557,0.795386085,0.794493555,0.319946444,0.854942529,0.818739961,0.784375365,0.68652143,0.684669573,0.54129573,0.76226065,0.73063693,0.64148936,0.696860427,0.581724103,0.686251973,0.321408812,0.338412281
0.20978571,0.206954699,0.246800592,0.243346096,0.220730863,0.235808976,0.235605217,0.242642911,0.221809077,0.205350532,0.203620791,0.220603795,0.595005581,0.414990675,0.319040522,0.339390765,0.22079165,0.515755325,0.549246647,0.505792373,0.700134981,0.489477882,0.340795603,0.285385275,0.306172384,0.317423824,0.426323975,0.453541303,0.615648648,1,0.686942325,0.3403412,0.231111619,0.264528956,0.316135001,0.180031648,0.171221593,0.493420247,0.20940356,0.197001635,0.388473099,0.204194861,0.284450327,0.300565152,0.306816823,0.185963369,0.399478331,0.459018679,0.376173321,0.342324378,0.255838336,0.222049556,0.25959309,0.283826742,0.29966103,0.315141211,0.28095541,0.230257321,0.142125481,0.221540164
0.147221053,0.146137228,0.132976541,0.131652672,0.128053873,0.126552347,0.115777333,0.120561777,0.131941389,0.216670008,0.211488019,0.146219324,0.43967956,0.33951996,0.172399389,0.216286403,0.127139839,0.295306452,0.302036161,0.262464441,0.594534233,0.314762558,0.216271395,0.130385206,0.151582867,0.178295511,0.274358249,0.217697515,0.30890759,0.686942325,1,0.35393981,0.103740313,0.195665852,0.150109518,0.115252357,0.123839675,0.244414064,0.173153227,0.305044257,0.210101364,0.076995598,0.101989659,0.120574337,0.132407059,0.134307893,0.178736796,0.225435555,0.191256884,0.189396452,0.079617759,0.076222528,0.092534323,0.109392132,0.120908996,0.125859479,0.12021978,0.074014495,0.0987061,0.10172278
0.540964909,0.475726712,0.590308827,0.597918903,0.520509495,0.663331639,0.651248948,0.630890338,0.57042324,0.365769692,0.322074995,0.525639665,0.624338438,0.746505888,0.60426405,0.46812734,0.592185958,0.544700691,0.613272835,0.691396423,0.174588338,0.780910074,0.774354016,0.674831933,0.659624001,0.54467526,0.347937447,0.611419851,0.645946189,0.3403412,0.35393981,1,0.687302074,0.229959357,0.581971582,0.394764675,0.357814411,0.624873553,0.506189336,0.336462542,0.674984867,0.120130416,0.372446601,0.566301483,0.55313746,0.198452494,0.588057879,0.554422999,0.6642499,0.618952225,0.456168607,0.25004004,0.591717964,0.480524004,0.386012993,0.506605766,0.431180219,0.471198229,0.516055931,0.14782543
0.65639134,0.644127784,0.757941537,0.786160341,0.663510083,0.803662829,0.838470079,0.836227321,0.784479682,0.502593173,0.489974459,0.717779477,0.518749461,0.645441045,0.670452161,0.518320907,0.815473458,0.575805061,0.630795543,0.721606682,0.141965126,0.727047935,0.781412304,0.805388627,0.773739468,0.577699535,0.340165429,0.658385375,0.663423047,0.231111619,0.103740313,0.687302074,1,0.318970468,0.685838362,0.55879264,0.431512619,0.657687661,0.661450657,0.482904864,0.694503319,0.289868816,0.548338292,0.718149681,0.673727807,0.206329262,0.670295908,0.617246462,0.722281925,0.656289094,0.689064751,0.447529792,0.769792773,0.603055682,0.502908361,0.651713713,0.588490686,0.67933115,0.578167046,0.230533307
0.222344769,0.243493118,0.261226902,0.267831324,0.236568137,0.216346677,0.239628144,0.268369878,0.247946165,0.184758977,0.181495047,0.251148248,0.297381326,0.296264911,0.501419571,0.690133604,0.228210416,0.57428347,0.488594075,0.395111366,0.217707263,0.330821497,0.311009613,0.418019326,0.524835072,0.71072382,0.80868131,0.501507892,0.440610599,0.264528956,0.195665852,0.229959357,0.318970468,1,0.686075033,0.272552401,0.261643106,0.504597177,0.228459264,0.196047026,0.261254524,0.49147211,0.731697774,0.602330006,0.594831893,0.63138477,0.507500026,0.469834479,0.348636534,0.313096475,0.419817477,0.580915895,0.46529747,0.549376214,0.467550614,0.34709712,0.258021001,0.450248974,0.148042747,0.390271344
0.541676868,0.540390969,0.638068981,0.635759695,0.578286108,0.607422473,0.628340508,0.649973685,0.575977648,0.353192502,0.335415798,0.565724965,0.538515164,0.578481596,0.781731526,0.764546909,0.533797898,0.768671231,0.767205576,0.7653502,0.163399151,0.725165367,0.705561126,0.805390175,0.879784242,0.937024691,0.754778587,0.862174505,0.789963913,0.316135001,0.150109518,0.581971582,0.685838362,0.686075033,1,0.329217315,0.338395618,0.870762768,0.495403027,0.390660067,0.653676898,0.434846853,0.873800959,0.943718919,0.907890739,0.434436976,0.86025726,0.769713221,0.756115177,0.659921303,0.748680985,0.712665151,0.870147778,0.836300735,0.697516889,0.704425538,0.576118578,0.788601975,0.303009591,0.406770371
0.398135249,0.382670041,0.410218367,0.449904034,0.377150168,0.512603065,0.494226176,0.495623056,0.527322439,0.501887642,0.421705197,0.439857099,0.304412541,0.383379109,0.260864261,0.199281355,0.613701065,0.269387914,0.314613328,0.374297841,0.140972983,0.386770263,0.408389236,0.362873968,0.359086336,0.264413887,0.283842913,0.321675973,0.341776453,0.180031648,0.115252357,0.394764675,0.55879264,0.272552401,0.329217315,1,0.855726419,0.314706736,0.57716122,0.396099155,0.390112292,0.118801452,0.198967524,0.340009301,0.339816274,0.48292724,0.326007793,0.275143154,0.356777347,0.343272175,0.276067374,0.149582709,0.34736081,0.237782388,0.184782271,0.302417231,0.332834017,0.257906564,0.587343754,0.117028617
0.315416535,0.299523633,0.327154009,0.359796212,0.309793391,0.416896603,0.399312052,0.396117817,0.412633215,0.433704099,0.351043459,0.354927506,0.26023899,0.310772261,0.231306662,0.179382216,0.456811944,0.233630584,0.277924923,0.329609999,0.12475049,0.338909045,0.347267222,0.316948407,0.312193955,0.296178755,0.352446941,0.384190292,0.333295802,0.171221593,0.123839675,0.357814411,0.431512619,0.261643106,0.338395618,0.855726419,1,0.379252528,0.519821012,0.372298471,0.350935592,0.157478746,0.254432025,0.320461445,0.322629624,0.603958413,0.332013532,0.263225546,0.33512703,0.301299871,0.246887104,0.194653895,0.328265789,0.269092083,0.212813653,0.290059201,0.288456844,0.254341435,0.526411287,0.178415689
0.544590712,0.53792348,0.655875288,0.649069953,0.583032216,0.627320362,0.653897328,0.661583525,0.575069492,0.325980972,0.313062801,0.560710695,0.605692333,0.603374445,0.73804542,0.67926631,0.536609613,0.788789676,0.827596681,0.831587346,0.242923271,0.784777271,0.732536469,0.774254776,0.799717182,0.791573229,0.720412376,0.933700413,0.914918246,0.493420247,0.244414064,0.624873553,0.657687661,0.504597177,0.870762768,0.314706736,0.379252528,1,0.523988524,0.388181804,0.721489025,0.392274086,0.777590698,0.869676735,0.881955052,0.454857648,0.933225324,0.861468244,0.815044906,0.685505356,0.727372701,0.646862812,0.836513554,0.8449358,0.723022255,0.741557212,0.592720613,0.763002787,0.332381304,0.433503471
0.565534679,0.576284196,0.618927867,0.642018316,0.569347829,0.634606456,0.644981149,0.672141432,0.702580795,0.634876999,0.561602962,0.678672799,0.325755281,0.473530698,0.466431834,0.363746459,0.687238752,0.375801098,0.420528503,0.514735931,0.161866623,0.529029051,0.590681309,0.553314615,0.548070283,0.433756741,0.283580647,0.47071468,0.478293409,0.20940356,0.173153227,0.506189336,0.661450657,0.228459264,0.495403027,0.57716122,0.519821012,0.523988524,1,0.852243845,0.516477742,0.142811665,0.366385131,0.526428495,0.512067434,0.297119692,0.552102819,0.480420705,0.569983482,0.487844185,0.497442137,0.345729959,0.578389908,0.474267756,0.393209729,0.497860115,0.457191228,0.523916296,0.505791848,0.204984976
0.494192424,0.520556076,0.514802067,0.514725195,0.504760073,0.488568034,0.490204629,0.516951098,0.558871398,0.588740516,0.51929207,0.574996106,0.240559273,0.320368661,0.357701422,0.287245219,0.524079868,0.281893295,0.305332999,0.376029967,0.185335493,0.384809379,0.430200316,0.419424059,0.414506658,0.342927464,0.229427452,0.351043303,0.340321568,0.197001635,0.305044257,0.336462542,0.482904864,0.196047026,0.390660067,0.396099155,0.372298471,0.388181804,0.852243845,1,0.383559072,0.147091139,0.334294898,0.429138125,0.40743244,0.209507965,0.42527142,0.362391026,0.441973097,0.355381967,0.435843336,0.369483934,0.476911073,0.39012229,0.321963172,0.390756129,0.358232963,0.470987476,0.338012603,0.197235557
0.567820513,0.555809778,0.650673573,0.64825364,0.578584941,0.670887512,0.67403748,0.67064133,0.60993048,0.401452508,0.362437593,0.560474045,0.616761905,0.677694159,0.635342709,0.474432185,0.612548465,0.58268837,0.665182503,0.728322631,0.169786305,0.779350311,0.75402619,0.725658095,0.712433518,0.586213203,0.391857348,0.694597795,0.726727381,0.388473099,0.210101364,0.674984867,0.694503319,0.261254524,0.653676898,0.390112292,0.350935592,0.721489025,0.516477742,0.383559072,1,0.226334464,0.505428393,0.654108605,0.621306507,0.207664787,0.733948966,0.778259703,0.885541499,0.882654458,0.595594865,0.371788881,0.675125005,0.623319673,0.652457626,0.799346366,0.764290529,0.573706843,0.431574137,0.348796987
0.170689731,0.20220546,0.241846026,0.227484656,0.219092229,0.189024352,0.212042143,0.227051695,0.194520935,0.100271465,0.144439757,0.226544623,0.151793304,0.121593521,0.321107663,0.389225651,0.15376915,0.352338646,0.307076861,0.274703574,0.14969917,0.222725136,0.212427061,0.320700484,0.332482259,0.430320566,0.414658431,0.374564661,0.322033639,0.204194861,0.076995598,0.120130416,0.289868816,0.49147211,0.434846853,0.118801452,0.157478746,0.392274086,0.142811665,0.147091139,0.226334464,1,0.689766659,0.445315111,0.404060276,0.342455892,0.408223987,0.413588721,0.332355858,0.267733968,0.580925407,0.720794467,0.435587764,0.511795798,0.577079262,0.447728265,0.390017265,0.536333661,0.293660141,0.728350641
0.408387247,0.429229907,0.51153186,0.492152751,0.458225988,0.445820151,0.469127124,0.492180897,0.420165902,0.235853516,0.241967102,0.441829728,0.403309447,0.391924292,0.670864113,0.711501145,0.350127219,0.681102837,0.647817504,0.617301199,0.165078809,0.551894898,0.528539026,0.666199323,0.714175841,0.815453073,0.736915808,0.756057956,0.665575557,0.284450327,0.101989659,0.372446601,0.548338292,0.731697774,0.873800959,0.198967524,0.254432025,0.777590698,0.366385131,0.334294898,0.505428393,0.689766659,1,0.882339051,0.831708823,0.510871504,0.781578116,0.708401278,0.640186164,0.531604654,0.813105464,0.917315687,0.832115295,0.848004166,0.735475931,0.662805454,0.530406477,0.836670571,0.258540458,0.545959724
0.561455414,0.570387444,0.672521234,0.665661048,0.602955356,0.630000295,0.660469618,0.675961778,0.604126291,0.360479267,0.358539099,0.600992925,0.520068794,0.568947188,0.769678489,0.714610417,0.555815018,0.748065828,0.762227859,0.776249315,0.154648088,0.726932685,0.72278077,0.811197166,0.853004541,0.825107401,0.671692411,0.835819542,0.795386085,0.300565152,0.120574337,0.566301483,0.718149681,0.602330006,0.943718919,0.340009301,0.320461445,0.869676735,0.526428495,0.429138125,0.654108605,0.445315111,0.882339051,1,0.969334953,0.437797159,0.902864634,0.794713054,0.765767788,0.65152501,0.823322453,0.769660357,0.952063814,0.884793792,0.706921654,0.715736728,0.581538103,0.859503587,0.339233039,0.39898325
0.539320566,0.547672868,0.650225659,0.645151489,0.576931584,0.602608508,0.639660199,0.65611152,0.584038908,0.333985872,0.339547538,0.580821362,0.498977349,0.551476195,0.748443106,0.707928883,0.538634372,0.756446442,0.766807812,0.764881162,0.166105526,0.701024794,0.704531909,0.779899584,0.82128835,0.788769122,0.697607426,0.839456373,0.794493555,0.306816823,0.132407059,0.55313746,0.673727807,0.594831893,0.907890739,0.339816274,0.322629624,0.881955052,0.512067434,0.40743244,0.621306507,0.404060276,0.831708823,0.969334953,1,0.50891119,0.918171739,0.800489813,0.735173271,0.617724898,0.770525196,0.723162435,0.913454529,0.892547075,0.692936063,0.68170791,0.536602111,0.823403484,0.313086734,0.391628144
0.153886795,0.149895115,0.175695238,0.184964819,0.154773762,0.177632564,0.184836949,0.193018709,0.185440344,0.187974374,0.148969861,0.17145704,0.176243063,0.192832426,0.264629549,0.367579842,0.195350088,0.35369672,0.316531681,0.254000637,0.159508795,0.218040695,0.210364995,0.243565611,0.2842405,0.395665209,0.655702172,0.41236094,0.319946444,0.185963369,0.134307893,0.198452494,0.206329262,0.63138477,0.434436976,0.48292724,0.603958413,0.454857648,0.297119692,0.209507965,0.207664787,0.342455892,0.510871504,0.437797159,0.50891119,1,0.447054385,0.360126982,0.255386673,0.204568153,0.256205923,0.445059034,0.353921267,0.480754446,0.343426425,0.232429545,0.146739579,0.322939047,0.347572261,0.32615552
0.56888141,0.577409966,0.682082188,0.669940514,0.612053469,0.64187781,0.661749409,0.674722402,0.6004222,0.35318611,0.348936941,0.593932413,0.550276858,0.583920921,0.744050079,0.680218358,0.546269372,0.76582261,0.795337209,0.806789354,0.188393475,0.762077891,0.738765409,0.786799892,0.819349909,0.77667484,0.649886724,0.849072742,0.854942529,0.399478331,0.178736796,0.588057879,0.670295908,0.507500026,0.86025726,0.326007793,0.332013532,0.933225324,0.552102819,0.42527142,0.733948966,0.408223987,0.781578116,0.902864634,0.918171739,0.447054385,1,0.938780823,0.86783008,0.732730758,0.789273215,0.678116355,0.875359691,0.911499613,0.810703831,0.817092877,0.673005177,0.811002939,0.33718622,0.491512955
0.539772683,0.552328192,0.645272385,0.629792949,0.582215501,0.599024282,0.614899479,0.630526074,0.563127174,0.324419555,0.327149819,0.552042738,0.548627209,0.564358954,0.698388971,0.6341235,0.509619626,0.730052526,0.759759864,0.764423176,0.218536954,0.736819405,0.697583105,0.733046338,0.759349194,0.715400617,0.584509675,0.772666993,0.818739961,0.459018679,0.225435555,0.554422999,0.617246462,0.469834479,0.769713221,0.275143154,0.263225546,0.861468244,0.480420705,0.362391026,0.778259703,0.413588721,0.708401278,0.794713054,0.800489813,0.360126982,0.938780823,1,0.913988778,0.808209109,0.746424579,0.599008157,0.775396058,0.843379751,0.861972002,0.881446178,0.770139791,0.729844215,0.298637239,0.557601186
0.606332789,0.600000185,0.704656868,0.697761174,0.632258245,0.702227599,0.706228365,0.713789021,0.648413155,0.405250272,0.386276376,0.618647175,0.596311281,0.653318317,0.720896715,0.590004495,0.612089852,0.667391871,0.721800691,0.7796524,0.163545035,0.798517279,0.772130382,0.794689739,0.792666905,0.700295329,0.470054538,0.757431044,0.784375365,0.376173321,0.191256884,0.6642499,0.722281925,0.348636534,0.756115177,0.356777347,0.33512703,0.815044906,0.569983482,0.441973097,0.885541499,0.332355858,0.640186164,0.765767788,0.735173271,0.255386673,0.86783008,0.913988778,1,0.927895815,0.734947582,0.521098046,0.791237132,0.782231825,0.819861933,0.929594015,0.854084767,0.718296194,0.423438654,0.489624012
0.574032733,0.565526292,0.644180353,0.644607395,0.581919225,0.646403901,0.642559232,0.655920993,0.606143916,0.397677479,0.37117657,0.563036707,0.589777567,0.660014782,0.677040343,0.530013095,0.577326385,0.589311048,0.642830324,0.696336289,0.153939453,0.739975156,0.708355258,0.732645449,0.718473404,0.623404909,0.401926215,0.656725039,0.68652143,0.342324378,0.189396452,0.618952225,0.656289094,0.313096475,0.659921303,0.343272175,0.301299871,0.685505356,0.487844185,0.355381967,0.882654458,0.267733968,0.531604654,0.65152501,0.617724898,0.204568153,0.732730758,0.808209109,0.927895815,1,0.619471021,0.391340904,0.669904646,0.657836244,0.741142312,0.856093587,0.850980498,0.584005529,0.382070141,0.421895052
0.558310923,0.593534935,0.684479553,0.667836254,0.611776526,0.620952116,0.653450397,0.672222165,0.613899123,0.36317036,0.392979758,0.627005797,0.428475304,0.469045936,0.680528594,0.628807207,0.537420544,0.660071658,0.663062552,0.69213327,0.155563474,0.633200399,0.646078162,0.736509051,0.739086261,0.675704794,0.47915717,0.703228418,0.684669573,0.255838336,0.079617759,0.456168607,0.689064751,0.419817477,0.748680985,0.276067374,0.246887104,0.727372701,0.497442137,0.435843336,0.595594865,0.580925407,0.813105464,0.823322453,0.770525196,0.256205923,0.789273215,0.746424579,0.734947582,0.619471021,1,0.838291286,0.882171165,0.831295156,0.771208938,0.773205698,0.677860292,0.947046843,0.321682606,0.49225609
0.34800776,0.391285105,0.453787062,0.430953742,0.407750421,0.37098084,0.405688272,0.427734137,0.372730484,0.206985074,0.247657673,0.415902813,0.277450952,0.263972737,0.549328785,0.611929366,0.291394848,0.575981523,0.530291323,0.507530846,0.170911926,0.422139024,0.42500955,0.5454058,0.579834013,0.659117145,0.594791397,0.623687988,0.54129573,0.222049556,0.076222528,0.25004004,0.447529792,0.580915895,0.712665151,0.149582709,0.194653895,0.646862812,0.345729959,0.369483934,0.371788881,0.720794467,0.917315687,0.769660357,0.723162435,0.445059034,0.678116355,0.599008157,0.521098046,0.391340904,0.838291286,1,0.782630243,0.787367218,0.674688667,0.590356479,0.469669151,0.867472525,0.266068992,0.546897231
0.604835514,0.615628447,0.726089879,0.72256483,0.644898934,0.691488738,0.729518608,0.739241093,0.669046661,0.393440181,0.408837294,0.66542051,0.506521604,0.574359797,0.751971443,0.666064572,0.61814706,0.701037483,0.723908574,0.767519388,0.146051357,0.73119416,0.750778933,0.819890226,0.82826791,0.753377111,0.550281406,0.803261758,0.76226065,0.25959309,0.092534323,0.591717964,0.769792773,0.46529747,0.870147778,0.34736081,0.328265789,0.836513554,0.578389908,0.476911073,0.675125005,0.435587764,0.832115295,0.952063814,0.913454529,0.353921267,0.875359691,0.775396058,0.791237132,0.669904646,0.882171165,0.782630243,1,0.894717884,0.721326711,0.759774759,0.631827268,0.924387173,0.431055825,0.411571188
0.521918355,0.544959636,0.640714705,0.625566209,0.563002757,0.576673577,0.605343996,0.62275257,0.549180267,0.302248815,0.316946299,0.562075936,0.444776582,0.481189746,0.707057191,0.68835373,0.470944612,0.705773816,0.703323451,0.697663643,0.15243802,0.644565502,0.640896894,0.737087042,0.765679727,0.762578885,0.648992133,0.79507101,0.73063693,0.283826742,0.109392132,0.480524004,0.603055682,0.549376214,0.836300735,0.237782388,0.269092083,0.8449358,0.474267756,0.39012229,0.623319673,0.511795798,0.848004166,0.884793792,0.892547075,0.480754446,0.911499613,0.843379751,0.782231825,0.657836244,0.831295156,0.787367218,0.894717884,1,0.872921013,0.801960259,0.647753035,0.882230846,0.346073178,0.593712126
0.470965246,0.504962583,0.576000949,0.554548335,0.515138829,0.507239258,0.520437126,0.544662363,0.487708676,0.284194519,0.296288578,0.500732133,0.396163905,0.413447661,0.611828797,0.592523004,0.399733747,0.614591439,0.612918543,0.604872896,0.150046423,0.568701335,0.546023499,0.640487231,0.662660539,0.678963408,0.536174372,0.676562951,0.64148936,0.29966103,0.120908996,0.386012993,0.502908361,0.467550614,0.697516889,0.184782271,0.212813653,0.723022255,0.393209729,0.321963172,0.652457626,0.577079262,0.735475931,0.706921654,0.692936063,0.343426425,0.810703831,0.861972002,0.819861933,0.741142312,0.771208938,0.674688667,0.721326711,0.872921013,1,0.917951487,0.827324465,0.753099872,0.284132725,0.794633293
0.561893555,0.586013502,0.67161109,0.661863325,0.600251218,0.639076096,0.65639943,0.670553174,0.612682834,0.372339888,0.381467961,0.597947683,0.487064611,0.525254033,0.651752176,0.565371776,0.552358861,0.617740997,0.650535561,0.688651739,0.1573255,0.681792394,0.67322272,0.721164928,0.722592617,0.660727576,0.439549642,0.701748776,0.696860427,0.315141211,0.125859479,0.506605766,0.651713713,0.34709712,0.704425538,0.302417231,0.290059201,0.741557212,0.497860115,0.390756129,0.799346366,0.447728265,0.662805454,0.715736728,0.68170791,0.232429545,0.817092877,0.881446178,0.929594015,0.856093587,0.773205698,0.590356479,0.759774759,0.801960259,0.917951487,1,0.933158293,0.7448727,0.371568485,0.649083792
