1,0.586437686,0.329515689,0.371335986,0.279247781,0.295507515,0.224645297,0.231689607,0.235946786,0.271351728,0.278306368,0.263553942,0.304298397,0.242359985,0.206499325,0.157331601,0.192357961,0.172909603,0.22691985,0.25127376,0.230948603,0.19878575,0.225463084,0.213539801,0.20529438,0.209896701,0.20309305,0.21899422,0.223193911,0.185025665,0.165054821,0.229074135,0.244317131,0.241945718,0.234812768,0.219212882,0.230543368,0.20644438,0.190211278,0.157036218,0.170805997,0.254090571,0.252393163,0.241104676,0.223826795,0.218958736,0.191477887,0.175742517,0.157523557,0.141238399,0.231625851,0.265214183,0.252431883,0.2143322,0.155177698,0.154832406,0.156633111,0.256979664,0.206133119,0.132692511
0.586437686,1,0.668351792,0.506843951,0.295879826,0.36016702,0.270293402,0.232064385,0.307927921,0.348796728,0.333308955,0.252188763,0.256658158,0.328181658,0.193797713,0.15878687,0.197224902,0.217400854,0.291679179,0.337142089,0.277897509,0.228306527,0.303719563,0.151065171,0.163586867,0.190762648,0.209039803,0.256308273,0.286444563,0.227797806,0.186068599,0.183629295,0.189192765,0.197521861,0.20457712,0.216430626,0.254939602,0.253101737,0.232977465,0.174187452,0.195537998,0.199463387,0.205304062,0.210699148,0.216803638,0.232037477,0.221858993,0.206659943,0.166676889,0.129454412,0.193764621,0.220846617,0.222927708,0.227642211,0.1726349,0.173934758,0.174676808,0.24842086,0.249453689,0.154949648
0.329515689,0.668351792,1,0.366959304,0.25477082,0.446654303,0.413871091,0.357718732,0.358938493,0.339948752,0.344194354,0.262106332,0.41294038,0.474016303,0.383388511,0.242130937,0.269544022,0.260437781,0.322982157,0.34600734,0.279827433,0.250525005,0.333370099,0.211709591,0.196366597,0.211549504,0.244625655,0.303680658,0.316618986,0.262893453,0.235312085,0.203353434,0.194468808,0.194274582,0.203089492,0.231077929,0.280816866,0.292256509,0.271124809,0.210127583,0.401159738,0.168139396,0.184110269,0.202393181,0.225347236,0.258719424,0.272167567,0.269014017,0.240517087,0.219542111,0.129626886,0.167468642,0.190013007,0.230389746,0.252450017,0.25696347,0.256545596,0.155998183,0.193512952,0.233471007
0.371335986,0.506843951,0.366959304,1,0.508978649,0.257709581,0.278622478,0.33436307,0.573312114,0.644943695,0.385847603,0.238350643,0.305952568,0.278644287,0.264479945,0.261953772,0.388515033,0.388922582,0.440646818,0.37692773,0.237483496,0.275091085,0.493912799,0.230789683,0.263656872,0.337010133,0.366964667,0.345712876,0.281643024,0.20072133,0.152027972,0.269196041,0.230211764,0.248636288,0.277284963,0.294249824,0.285160405,0.242710213,0.208211474,0.155833686,0.209643414,0.22174538,0.235000276,0.256160646,0.263977969,0.255339907,0.226745995,0.19638471,0.159046786,0.14051615,0.210540108,0.227230409,0.232437742,0.230279098,0.167423924,0.168108036,0.168620959,0.235432075,0.217928864,0.142214486
0.279247781,0.295879826,0.25477082,0.508978649,1,0.325398961,0.246782118,0.248219805,0.414599965,0.512350097,0.308303189,0.290858557,0.218271311,0.227039355,0.174314524,0.179279282,0.266300433,0.326675698,0.318888998,0.278723517,0.218656048,0.214815694,0.397719499,0.170044171,0.241344735,0.31491089,0.296860055,0.278988028,0.240495333,0.201609752,0.193373263,0.196020142,0.196727793,0.247037876,0.273952901,0.264376165,0.252020642,0.221246277,0.19900993,0.182537145,0.110638904,0.21213614,0.23542198,0.246916644,0.235831169,0.230268819,0.205372988,0.183584539,0.142214043,0.135208381,0.203720066,0.215362225,0.220677778,0.195658201,0.150667877,0.14966007,0.152414787,0.17949217,0.158678923,0.118064613
0.295507515,0.36016702,0.446654303,0.257709581,0.325398961,1,0.707720922,0.398390794,0.315897609,0.296833743,0.378135942,0.434757493,0.412102851,0.319080009,0.566987662,0.321292396,0.287616605,0.238126355,0.341638643,0.374512068,0.367651822,0.234443702,0.199201007,0.208188099,0.195545039,0.203418092,0.231665201,0.301598617,0.333515155,0.288258883,0.238985062,0.167294848,0.182552821,0.188282431,0.205981894,0.242574155,0.302462526,0.321506207,0.287849047,0.180357953,0.373760564,0.180195286,0.193559604,0.223382888,0.258837547,0.291449952,0.304841966,0.285220735,0.251347958,0.269715293,0.174455849,0.2035749,0.223290752,0.247091279,0.238968986,0.248605818,0.24700218,0.172226888,0.161226391,0.172864261
0.224645297,0.270293402,0.413871091,0.278622478,0.246782118,0.707720922,1,0.764942053,0.502610172,0.395068348,0.467156447,0.488528159,0.572303173,0.413159729,0.640785123,0.704968721,0.616584061,0.466478299,0.509104415,0.52945571,0.499328911,0.438430681,0.198577725,0.444188014,0.44749212,0.414167402,0.474142735,0.550668984,0.538250224,0.486749963,0.415715951,0.162271763,0.381106032,0.394379849,0.423692211,0.493139474,0.547623057,0.529764592,0.475646705,0.355118447,0.432068662,0.371954559,0.407099073,0.461203939,0.516654214,0.542162687,0.521099135,0.481075236,0.415176156,0.355426892,0.339866833,0.409070361,0.453655356,0.479864781,0.410431445,0.419918847,0.413063597,0.325272059,0.325261558,0.317208322
0.231689607,0.232064385,0.357718732,0.33436307,0.248219805,0.398390794,0.764942053,1,0.79254697,0.621401508,0.669818614,0.497668797,0.646065411,0.363443228,0.489744488,0.782953813,0.88643755,0.752731826,0.774576325,0.725316557,0.577429953,0.540085698,0.224550943,0.60427675,0.625335827,0.631693862,0.726486486,0.78035092,0.686102526,0.559548132,0.446996232,0.204834184,0.514466305,0.544775822,0.580554723,0.638486178,0.663741341,0.605381256,0.544360507,0.474510372,0.398563422,0.444262666,0.514587644,0.579656236,0.621297829,0.634624885,0.603316132,0.575538918,0.531709566,0.427820143,0.358220892,0.475686129,0.549329022,0.590214186,0.531802309,0.5395246,0.529511849,0.375559316,0.439208673,0.467206791
0.235946786,0.307927921,0.358938493,0.573312114,0.414599965,0.315897609,0.502610172,0.79254697,1,0.938310264,0.769872047,0.384541275,0.505111522,0.269894745,0.353922714,0.563563877,0.831556329,0.863886274,0.919533563,0.798216373,0.517048192,0.497919826,0.295444135,0.437312497,0.514186596,0.628142309,0.738305921,0.762005048,0.625821832,0.43899024,0.314549007,0.263228222,0.360991474,0.438861007,0.50903653,0.556911665,0.552745621,0.479919344,0.425258338,0.377917794,0.297212387,0.288992018,0.37297146,0.452425012,0.482938056,0.477840716,0.442638255,0.429090074,0.38882093,0.28416922,0.232345119,0.311283878,0.383256899,0.401895638,0.393594974,0.40106786,0.392665377,0.236453424,0.266666267,0.357184103
0.271351728,0.348796728,0.339948752,0.644943695,0.512350097,0.296833743,0.395068348,0.621401508,0.938310264,1,0.771766344,0.369890791,0.455788968,0.254512788,0.294190026,0.435850688,0.68389689,0.764556254,0.862171925,0.762235266,0.489622162,0.481813195,0.326246182,0.338778653,0.42003624,0.542180077,0.631041207,0.666687603,0.563274689,0.388377446,0.278286499,0.270838801,0.286743552,0.363860251,0.429798543,0.468891969,0.475233904,0.419325284,0.37507165,0.337916592,0.255217537,0.244770665,0.311211909,0.380950751,0.403042749,0.399659615,0.3696207,0.359081769,0.318893264,0.217510374,0.224120487,0.27291682,0.328054794,0.331013894,0.312027513,0.317815634,0.311215568,0.226809657,0.220814737,0.27469146
0.278306368,0.333308955,0.344194354,0.385847603,0.308303189,0.378135942,0.467156447,0.669818614,0.769872047,0.771766344,1,0.732894068,0.644133379,0.355711901,0.319087653,0.50340055,0.633780901,0.696382834,0.870256194,0.925805567,0.812553487,0.656090968,0.224017084,0.328260996,0.368774891,0.424313138,0.530364751,0.671322707,0.737162726,0.618521821,0.499770202,0.299042342,0.256770834,0.309091262,0.358319417,0.413938779,0.502744878,0.566566126,0.558850261,0.507777217,0.397017038,0.224557159,0.284939032,0.353754825,0.398409026,0.448490619,0.49322774,0.520480754,0.498008555,0.369074672,0.224912234,0.294478764,0.366871741,0.433148131,0.428639981,0.43948559,0.429677144,0.286389301,0.326953697,0.342982385
0.263553942,0.252188763,0.262106332,0.238350643,0.290858557,0.434757493,0.488528159,0.497668797,0.384541275,0.369890791,0.732894068,1,0.61808331,0.409258051,0.31817233,0.458638038,0.412695302,0.394245701,0.522834898,0.670625584,0.844942298,0.576752581,0.252720948,0.282160355,0.290871217,0.280851343,0.346683402,0.476451714,0.630927267,0.654388295,0.585112607,0.281280709,0.249000102,0.269825104,0.293564383,0.341900383,0.44414531,0.562242148,0.571716251,0.471888555,0.39760792,0.252961763,0.288306815,0.332367304,0.373315513,0.43523843,0.506176621,0.522165619,0.493209301,0.395809753,0.279654361,0.343468001,0.390899816,0.466754886,0.398307103,0.40863699,0.398971136,0.390779861,0.415118637,0.291149247
0.304298397,0.256658158,0.41294038,0.305952568,0.218271311,0.412102851,0.572303173,0.646065411,0.505111522,0.455788968,0.644133379,0.61808331,1,0.699970552,0.466100372,0.525849138,0.508829262,0.385485266,0.513847754,0.565958861,0.584623796,0.586651078,0.286464312,0.419326755,0.380540582,0.349728442,0.391335282,0.468823747,0.509273106,0.47787267,0.443062901,0.205199861,0.347177392,0.337280008,0.333782243,0.356470133,0.411885994,0.447827101,0.439470955,0.408571694,0.561953454,0.313155935,0.338768541,0.359860977,0.373110412,0.398895456,0.414068472,0.413702327,0.402197986,0.322836317,0.276471915,0.354337126,0.386389585,0.406864098,0.329341046,0.336690104,0.328722569,0.32883145,0.328046291,0.257770036
0.242359985,0.328181658,0.474016303,0.278644287,0.227039355,0.319080009,0.413159729,0.363443228,0.269894745,0.254512788,0.355711901,0.409258051,0.699970552,1,0.361105585,0.33512438,0.255218877,0.196714695,0.245421639,0.293575097,0.3689272,0.480220257,0.388854049,0.223895117,0.20814434,0.19280188,0.200795227,0.237177628,0.280099849,0.318793953,0.380501412,0.211575192,0.206533116,0.195900627,0.194185454,0.204860199,0.232842138,0.268684159,0.287156088,0.323781221,0.456222802,0.20740056,0.203378677,0.204593618,0.21188338,0.233476296,0.242335287,0.247650421,0.23151563,0.151658291,0.18905507,0.221928363,0.22260603,0.239691474,0.191143423,0.192831434,0.191999906,0.231758847,0.207359835,0.157136916
0.206499325,0.193797713,0.383388511,0.264479945,0.174314524,0.566987662,0.640785123,0.489744488,0.353922714,0.294190026,0.319087653,0.31817233,0.466100372,0.361105585,1,0.519568434,0.443812948,0.307919095,0.341610547,0.360098777,0.32841646,0.384860475,0.24261985,0.522869189,0.420305007,0.354360024,0.375973583,0.416064338,0.412608876,0.371369535,0.32005537,0.19905552,0.425182999,0.375321723,0.36077812,0.399206148,0.449147033,0.449799591,0.404193389,0.303279326,0.638709971,0.35771949,0.371971629,0.378757423,0.416647929,0.448829353,0.454229358,0.429309717,0.408492856,0.369892833,0.27159554,0.333869789,0.355207635,0.38656723,0.379278259,0.384676479,0.377772218,0.24567774,0.265347616,0.299443358
0.157331601,0.15878687,0.242130937,0.261953772,0.179279282,0.321292396,0.704968721,0.782953813,0.563563877,0.435850688,0.50340055,0.458638038,0.525849138,0.33512438,0.519568434,1,0.832423458,0.606707764,0.576112407,0.603455508,0.584003019,0.63515502,0.161839984,0.728303547,0.768539922,0.676993737,0.661356854,0.674964069,0.658833449,0.624847489,0.550688824,0.242939547,0.609720784,0.63292597,0.620162874,0.638878548,0.654441321,0.641271983,0.620033049,0.593802195,0.433818724,0.528052822,0.600574528,0.629173167,0.651611289,0.651246981,0.627759592,0.616224805,0.566140648,0.383011049,0.461818445,0.552186622,0.606549323,0.619042709,0.503121133,0.506714537,0.494482788,0.446364849,0.465671048,0.41673871
0.192357961,0.197224902,0.269544022,0.388515033,0.266300433,0.287616605,0.616584061,0.88643755,0.831556329,0.68389689,0.633780901,0.412695302,0.508829262,0.255218877,0.443812948,0.832423458,1,0.858281607,0.822220919,0.743736605,0.547804914,0.546281615,0.225916341,0.699987885,0.797289446,0.851746254,0.906762833,0.876159552,0.714984144,0.550082927,0.398736275,0.245031618,0.608853576,0.702358628,0.754080038,0.77933772,0.738527942,0.621221595,0.551761997,0.483197732,0.343204035,0.494146552,0.618737604,0.696228594,0.714717551,0.679826678,0.608739095,0.574668499,0.520177063,0.370040219,0.381813465,0.511200441,0.599319263,0.599517728,0.526255274,0.531797521,0.518756632,0.368788758,0.419805182,0.485164308
0.172909603,0.217400854,0.260437781,0.388922582,0.326675698,0.238126355,0.466478299,0.752731826,0.863886274,0.764556254,0.696382834,0.394245701,0.385485266,0.196714695,0.307919095,0.606707764,0.858281607,1,0.90482118,0.796303317,0.551447922,0.491460282,0.232404112,0.446269655,0.567249541,0.684707667,0.81595475,0.840952563,0.698082258,0.534703657,0.394685835,0.295294893,0.37549759,0.491080474,0.589048097,0.648040279,0.643561031,0.557190174,0.49614178,0.437004441,0.240840859,0.300270521,0.419238433,0.52483102,0.568675382,0.566844254,0.519552265,0.499730173,0.443272191,0.311083325,0.251787349,0.355450111,0.44998749,0.483256277,0.474465635,0.480096415,0.470641682,0.277522586,0.336215685,0.460576517
0.22691985,0.291679179,0.322982157,0.440646818,0.318888998,0.341638643,0.509104415,0.774576325,0.919533563,0.862171925,0.870256194,0.522834898,0.513847754,0.245421639,0.341610547,0.576112407,0.822220919,0.90482118,1,0.928330752,0.677212963,0.556439172,0.257943935,0.412365588,0.502604462,0.615944128,0.76456778,0.855402583,0.760730361,0.565954739,0.409055171,0.306333409,0.335589369,0.435115937,0.526642274,0.600410151,0.635775665,0.587104206,0.531740914,0.456934795,0.310091792,0.270901221,0.376403092,0.483090159,0.535798602,0.551993452,0.534720864,0.527669351,0.483820536,0.364559869,0.237240634,0.335475454,0.432390837,0.482309206,0.480997231,0.491807188,0.480769928,0.28192984,0.333019632,0.436149696
0.25127376,0.337142089,0.34600734,0.37692773,0.278723517,0.374512068,0.52945571,0.725316557,0.798216373,0.762235266,0.925805567,0.670625584,0.565958861,0.293575097,0.360098777,0.603455508,0.743736605,0.796303317,0.928330752,1,0.85553515,0.666362171,0.229446679,0.409660928,0.474219807,0.539264384,0.676170816,0.831201855,0.884879139,0.7365197,0.560837459,0.313456002,0.325803792,0.401247996,0.475031898,0.567806019,0.66762643,0.715426182,0.686105542,0.578474263,0.396029997,0.269710901,0.365097577,0.466396862,0.536256266,0.590969427,0.625200362,0.642878227,0.587907699,0.414194668,0.251756256,0.351179817,0.453801991,0.533878734,0.527289604,0.538454576,0.526981034,0.32057487,0.378707353,0.426660561
0.230948603,0.277897509,0.279827433,0.237483496,0.218656048,0.367651822,0.499328911,0.577429953,0.517048192,0.489622162,0.812553487,0.844942298,0.584623796,0.3689272,0.32841646,0.584003019,0.547804914,0.551447922,0.677212963,0.85553515,1,0.759694653,0.216757962,0.341329454,0.364229785,0.363282096,0.453924797,0.622158753,0.832599768,0.85080517,0.731995577,0.342818712,0.267660575,0.300248049,0.336554347,0.411556132,0.549044281,0.720512735,0.760311564,0.673937666,0.461710559,0.243056056,0.300540633,0.366766878,0.432977363,0.518007933,0.619975917,0.675970505,0.643386932,0.445847801,0.261389503,0.338928602,0.418169187,0.525374729,0.498936909,0.50846659,0.497866086,0.371697039,0.421943997,0.359296015
0.19878575,0.228306527,0.250525005,0.275091085,0.214815694,0.234443702,0.438430681,0.540085698,0.497919826,0.481813195,0.656090968,0.576752581,0.586651078,0.480220257,0.384860475,0.63515502,0.546281615,0.491460282,0.556439172,0.666362171,0.759694653,1,0.232920489,0.418409676,0.43185936,0.389890246,0.41796989,0.521815953,0.634646617,0.668061252,0.658292266,0.339436605,0.323702948,0.342476792,0.339717507,0.370411083,0.456018197,0.566047677,0.615249319,0.684221451,0.501610401,0.278537997,0.32981247,0.359323312,0.391411559,0.449199882,0.510204219,0.570011857,0.573902022,0.354050868,0.271939058,0.345663956,0.398463866,0.469582554,0.44662916,0.452778387,0.440427088,0.343140826,0.381839082,0.346697556
0.225463084,0.303719563,0.333370099,0.493912799,0.397719499,0.199201007,0.198577725,0.224550943,0.295444135,0.326246182,0.224017084,0.252720948,0.286464312,0.388854049,0.24261985,0.161839984,0.225916341,0.232404112,0.257943935,0.229446679,0.216757962,0.232920489,1,0.18509688,0.204503546,0.23827725,0.256283819,0.262383679,0.229197607,0.211069212,0.212941203,0.530358746,0.186403222,0.210438033,0.229856532,0.239170384,0.24092523,0.222929616,0.222403486,0.217749099,0.249224623,0.157098144,0.189678711,0.209669957,0.21837693,0.226082258,0.221417797,0.219896938,0.210676642,0.181107421,0.126761072,0.168230147,0.192166956,0.221614682,0.206843068,0.206514266,0.208336224,0.181180459,0.211342118,0.204506374
0.213539801,0.151065171,0.211709591,0.230789683,0.170044171,0.208188099,0.444188014,0.60427675,0.437312497,0.338778653,0.328260996,0.282160355,0.419326755,0.223895117,0.522869189,0.728303547,0.699987885,0.446269655,0.412365588,0.409660928,0.341329454,0.418409676,0.18509688,1,0.902772481,0.760297214,0.674493372,0.620914848,0.539937618,0.456029378,0.35820265,0.161821053,0.900004534,0.847060139,0.753185192,0.704090925,0.675335573,0.584158722,0.525324465,0.460115163,0.418444798,0.723981492,0.784969835,0.743360998,0.711210592,0.677314996,0.618476872,0.575539795,0.541464587,0.414551669,0.545075339,0.651395256,0.677351845,0.642106749,0.522633466,0.516444734,0.508170254,0.491010461,0.533072366,0.472491326
0.20529438,0.163586867,0.196366597,0.263656872,0.241344735,0.195545039,0.44749212,0.625335827,0.514186596,0.42003624,0.368774891,0.290871217,0.380540582,0.20814434,0.420305007,0.768539922,0.797289446,0.567249541,0.502604462,0.474219807,0.364229785,0.43185936,0.204503546,0.902772481,1,0.925122855,0.814520937,0.72437035,0.579611566,0.457858509,0.333075739,0.185670283,0.853791386,0.937979225,0.898731286,0.828640271,0.746510003,0.587512213,0.515821463,0.447776297,0.313128382,0.699286937,0.837921842,0.839795077,0.791823464,0.714964885,0.60175705,0.546936208,0.48367726,0.322383213,0.536328036,0.662363268,0.714229753,0.634367782,0.491748587,0.485799979,0.476453169,0.463524507,0.477927924,0.458448704
0.209896701,0.190762648,0.211549504,0.337010133,0.31491089,0.203418092,0.414167402,0.631693862,0.628142309,0.542180077,0.424313138,0.280851343,0.349728442,0.19280188,0.354360024,0.676993737,0.851746254,0.684707667,0.615944128,0.539264384,0.363282096,0.389890246,0.23827725,0.760297214,0.925122855,1,0.925740642,0.801114863,0.594815191,0.419396197,0.271025509,0.2079068,0.739970312,0.900110005,0.937532356,0.87593937,0.754201161,0.553279635,0.468637426,0.392511781,0.257748093,0.600104041,0.778126816,0.828333025,0.784672381,0.684122808,0.547696726,0.487900638,0.418332828,0.262908422,0.441765897,0.583118472,0.662040831,0.572977529,0.441585408,0.438050338,0.428664839,0.38334666,0.390856695,0.420407348
0.20309305,0.209039803,0.244625655,0.366964667,0.296860055,0.231665201,0.474142735,0.726486486,0.738305921,0.631041207,0.530364751,0.346683402,0.391335282,0.200795227,0.375973583,0.661356854,0.906762833,0.81595475,0.76456778,0.676170816,0.453924797,0.41796989,0.256283819,0.674493372,0.814520937,0.925740642,1,0.934376942,0.708136072,0.498271442,0.318499359,0.2271194,0.65683426,0.798963312,0.887390416,0.921449681,0.839284641,0.638563698,0.527197531,0.407752102,0.269529097,0.550844534,0.712660921,0.810880162,0.820399242,0.750849551,0.625314666,0.554051556,0.471714371,0.324439062,0.420433442,0.567522202,0.66686307,0.622825308,0.515280298,0.517002824,0.504999986,0.389717181,0.424692725,0.49085991
0.21899422,0.256308273,0.303680658,0.345712876,0.278988028,0.301598617,0.550668984,0.78035092,0.762005048,0.666687603,0.671322707,0.476451714,0.468823747,0.237177628,0.416064338,0.674964069,0.876159552,0.840952563,0.855402583,0.831201855,0.622158753,0.521815953,0.262383679,0.620914848,0.72437035,0.801114863,0.934376942,1,0.864437389,0.654377684,0.451552906,0.254762561,0.580205685,0.695102281,0.786775093,0.883416798,0.905974638,0.782113733,0.673153117,0.516171021,0.337671708,0.49179564,0.641641043,0.760819554,0.818477103,0.818556973,0.748866757,0.694252524,0.602908863,0.438129191,0.399354928,0.554060881,0.673527672,0.699670335,0.631618699,0.636812773,0.62456993,0.42118893,0.49315538,0.567319254
0.223193911,0.286444563,0.316618986,0.281643024,0.240495333,0.333515155,0.538250224,0.686102526,0.625821832,0.563274689,0.737162726,0.630927267,0.509273106,0.280099849,0.412608876,0.658833449,0.714984144,0.698082258,0.760730361,0.884879139,0.832599768,0.634646617,0.229197607,0.539937618,0.579611566,0.594815191,0.708136072,0.864437389,1,0.906190837,0.703845803,0.286271711,0.471584944,0.526893464,0.58598463,0.697538014,0.838845405,0.933311125,0.901390785,0.72183276,0.468396406,0.402783982,0.513861282,0.610037958,0.700477045,0.783348404,0.833996229,0.839127191,0.746342269,0.498246988,0.370375796,0.506130801,0.625411496,0.72011658,0.647764555,0.650411951,0.641813822,0.464060948,0.538441466,0.487979833
0.185025665,0.227797806,0.262893453,0.20072133,0.201609752,0.288258883,0.486749963,0.559548132,0.43899024,0.388377446,0.618521821,0.654388295,0.47787267,0.318793953,0.371369535,0.624847489,0.550082927,0.534703657,0.565954739,0.7365197,0.85080517,0.668061252,0.211069212,0.456029378,0.457858509,0.419396197,0.498271442,0.654377684,0.906190837,1,0.885546492,0.316299845,0.387853047,0.397091045,0.424577083,0.518067522,0.685901886,0.892690624,0.945376445,0.828295048,0.505015833,0.350967997,0.415528861,0.477717947,0.566493114,0.676537828,0.784051603,0.830169525,0.762530286,0.477341418,0.363132826,0.463302917,0.553887753,0.669596276,0.584084979,0.583792753,0.577231698,0.484603733,0.543290864,0.402653988
0.165054821,0.186068599,0.235312085,0.152027972,0.193373263,0.238985062,0.415715951,0.446996232,0.314549007,0.278286499,0.499770202,0.585112607,0.443062901,0.380501412,0.32005537,0.550688824,0.398736275,0.394685835,0.409055171,0.560837459,0.731995577,0.658292266,0.212941203,0.35820265,0.333075739,0.271025509,0.318499359,0.451552906,0.703845803,0.885546492,1,0.363239871,0.28734494,0.270620284,0.275671574,0.339768345,0.490018499,0.716931804,0.8159205,0.856039865,0.510648089,0.268946136,0.298731985,0.331439168,0.402398037,0.514062666,0.637575314,0.710062054,0.689105362,0.420302372,0.301728232,0.373347508,0.436580312,0.552431221,0.485843566,0.482816849,0.479660625,0.425920246,0.480805675,0.317873314
0.229074135,0.183629295,0.203353434,0.269196041,0.196020142,0.167294848,0.162271763,0.204834184,0.263228222,0.270838801,0.299042342,0.281280709,0.205199861,0.211575192,0.19905552,0.242939547,0.245031618,0.295294893,0.306333409,0.313456002,0.342818712,0.339436605,0.530358746,0.161821053,0.185670283,0.2079068,0.2271194,0.254762561,0.286271711,0.316299845,0.363239871,1,0.149460534,0.163234931,0.178714607,0.187792577,0.210862087,0.249264993,0.287177393,0.379274634,0.202865767,0.141048496,0.155425835,0.172795081,0.18682773,0.205937522,0.227974303,0.259123562,0.261796616,0.17274735,0.160968198,0.174824787,0.195099209,0.224489465,0.217289185,0.218927718,0.217620354,0.214831755,0.200932522,0.202917611
0.244317131,0.189192765,0.194468808,0.230211764,0.196727793,0.182552821,0.381106032,0.514466305,0.360991474,0.286743552,0.256770834,0.249000102,0.347177392,0.206533116,0.425182999,0.609720784,0.608853576,0.37549759,0.335589369,0.325803792,0.267660575,0.323702948,0.186403222,0.900004534,0.853791386,0.739970312,0.65683426,0.580205685,0.471584944,0.387853047,0.28734494,0.149460534,1,0.918090416,0.81564586,0.75375207,0.698064995,0.554213298,0.465142236,0.374765124,0.313150377,0.912589156,0.926392777,0.850794593,0.789427057,0.723891418,0.617255446,0.529164317,0.468184826,0.362805907,0.737814716,0.812943,0.792457246,0.693984459,0.493404278,0.48556975,0.478688405,0.62974312,0.603816044,0.454014571
0.241945718,0.197521861,0.194274582,0.248636288,0.247037876,0.188282431,0.394379849,0.544775822,0.438861007,0.363860251,0.309091262,0.269825104,0.337280008,0.195900627,0.375321723,0.63292597,0.702358628,0.491080474,0.435115937,0.401247996,0.300248049,0.342476792,0.210438033,0.847060139,0.937979225,0.900110005,0.798963312,0.695102281,0.526893464,0.397091045,0.270620284,0.163234931,0.918090416,1,0.962463143,0.877394049,0.77538098,0.570680653,0.472239987,0.375217209,0.268972162,0.817899745,0.9481658,0.936152701,0.865736663,0.763043681,0.613021034,0.522313621,0.445680509,0.312130152,0.654373095,0.782679254,0.813332118,0.685585351,0.487343495,0.479818399,0.471775692,0.562498217,0.536619671,0.458820736
0.234812768,0.20457712,0.203089492,0.277284963,0.273952901,0.205981894,0.423692211,0.580554723,0.50903653,0.429798543,0.358319417,0.293564383,0.333782243,0.194185454,0.36077812,0.620162874,0.754080038,0.589048097,0.526642274,0.475031898,0.336554347,0.339717507,0.229856532,0.753185192,0.898731286,0.937532356,0.887390416,0.786775093,0.58598463,0.424577083,0.275671574,0.178714607,0.81564586,0.962463143,1,0.949505355,0.837076943,0.60446876,0.490686819,0.370401967,0.248944745,0.733206365,0.903998602,0.951832398,0.907304804,0.798547148,0.629468408,0.52999082,0.43625176,0.292903619,0.589860035,0.739881403,0.806185241,0.684167264,0.488526196,0.483309158,0.4744601,0.518431863,0.495208291,0.457793671
0.219212882,0.216430626,0.231077929,0.294249824,0.264376165,0.242574155,0.493139474,0.638486178,0.556911665,0.468891969,0.413938779,0.341900383,0.356470133,0.204860199,0.399206148,0.638878548,0.77933772,0.648040279,0.600410151,0.567806019,0.411556132,0.370411083,0.239170384,0.704090925,0.828640271,0.87593937,0.921449681,0.883416798,0.697538014,0.518067522,0.339768345,0.187792577,0.75375207,0.877394049,0.949505355,1,0.940181301,0.72256546,0.585068548,0.415837247,0.274328948,0.696529294,0.848844153,0.936595017,0.954591805,0.889059807,0.738518032,0.628708973,0.512554505,0.361468345,0.579544838,0.726279265,0.814631492,0.747433472,0.574609598,0.572502672,0.562573812,0.525244235,0.533275442,0.51986952
0.230543368,0.254939602,0.280816866,0.285160405,0.252020642,0.302462526,0.547623057,0.663741341,0.552745621,0.475233904,0.502744878,0.44414531,0.411885994,0.232842138,0.449147033,0.654441321,0.738527942,0.643561031,0.635775665,0.66762643,0.549044281,0.456018197,0.24092523,0.675335573,0.746510003,0.754201161,0.839284641,0.905974638,0.838845405,0.685901886,0.490018499,0.210862087,0.698064995,0.77538098,0.837076943,0.940181301,1,0.886926299,0.759595521,0.546652503,0.365909921,0.649656934,0.781034671,0.876666381,0.945600316,0.96443059,0.886887904,0.794022897,0.66524307,0.48285441,0.569750656,0.724880416,0.830218126,0.845487376,0.693955932,0.692349448,0.684019747,0.583542226,0.63132111,0.583928062
0.20644438,0.253101737,0.292256509,0.242710213,0.221246277,0.321506207,0.529764592,0.605381256,0.479919344,0.419325284,0.566566126,0.562242148,0.447827101,0.268684159,0.449799591,0.641271983,0.621221595,0.557190174,0.587104206,0.715426182,0.720512735,0.566047677,0.222929616,0.584158722,0.587512213,0.553279635,0.638563698,0.782113733,0.933311125,0.892690624,0.716931804,0.249264993,0.554213298,0.570680653,0.60446876,0.72256546,0.886926299,1,0.958164913,0.743902804,0.507703217,0.506836363,0.597699328,0.674415731,0.7763906,0.88272564,0.947625226,0.932782507,0.820657492,0.569248456,0.478035193,0.614705017,0.721599067,0.828809213,0.728824435,0.726494384,0.720913412,0.57299579,0.651774552,0.535451808
0.190211278,0.232977465,0.271124809,0.208211474,0.19900993,0.287849047,0.475646705,0.544360507,0.425258338,0.37507165,0.558850261,0.571716251,0.439470955,0.287156088,0.404193389,0.620033049,0.551761997,0.49614178,0.531740914,0.686105542,0.760311564,0.615249319,0.222403486,0.525324465,0.515821463,0.468637426,0.527197531,0.673153117,0.901390785,0.945376445,0.8159205,0.287177393,0.465142236,0.472239987,0.490686819,0.585068548,0.759595521,0.958164913,1,0.859702568,0.553335231,0.413620862,0.492633882,0.55275792,0.647223422,0.767153544,0.883603536,0.929965989,0.855853465,0.557530284,0.40201971,0.523309405,0.624722795,0.750595792,0.682597039,0.678828974,0.674614626,0.518770034,0.60092991,0.473449152
0.157036218,0.174187452,0.210127583,0.155833686,0.182537145,0.180357953,0.355118447,0.474510372,0.377917794,0.337916592,0.507777217,0.471888555,0.408571694,0.323781221,0.303279326,0.593802195,0.483197732,0.437004441,0.456934795,0.578474263,0.673937666,0.684221451,0.217749099,0.460115163,0.447776297,0.392511781,0.407752102,0.516171021,0.72183276,0.828295048,0.856039865,0.379274634,0.374765124,0.375217209,0.370401967,0.415837247,0.546652503,0.743902804,0.859702568,1,0.523083314,0.32566014,0.384105313,0.414454887,0.475361271,0.57484931,0.690395831,0.79162577,0.808371966,0.471019512,0.327897978,0.424903742,0.505928526,0.617056977,0.566390299,0.560766833,0.556856499,0.444094495,0.520749165,0.392626174
0.170805997,0.195537998,0.401159738,0.209643414,0.110638904,0.373760564,0.432068662,0.398563422,0.297212387,0.255217537,0.397017038,0.39760792,0.561953454,0.456222802,0.638709971,0.433818724,0.343204035,0.240840859,0.310091792,0.396029997,0.461710559,0.501610401,0.249224623,0.418444798,0.313128382,0.257748093,0.269529097,0.337671708,0.468396406,0.505015833,0.510648089,0.202865767,0.313150377,0.268972162,0.248944745,0.274328948,0.365909921,0.507703217,0.553335231,0.523083314,1,0.243652874,0.267525133,0.271030955,0.312029156,0.387510083,0.492511393,0.557900993,0.604982346,0.507456702,0.184391736,0.262591275,0.306386591,0.394744684,0.443891889,0.44523341,0.441307687,0.23832265,0.305581804,0.310482752
0.254090571,0.199463387,0.168139396,0.22174538,0.21213614,0.180195286,0.371954559,0.444262666,0.288992018,0.244770665,0.224557159,0.252961763,0.313155935,0.20740056,0.35771949,0.528052822,0.494146552,0.300270521,0.270901221,0.269710901,0.243056056,0.278537997,0.157098144,0.723981492,0.699286937,0.600104041,0.550844534,0.49179564,0.402783982,0.350967997,0.268946136,0.141048496,0.912589156,0.817899745,0.733206365,0.696529294,0.649656934,0.506836363,0.413620862,0.32566014,0.243652874,1,0.931239033,0.839813429,0.776776092,0.704621358,0.580929666,0.469581489,0.392769783,0.304929101,0.919606581,0.916466725,0.839645784,0.701808513,0.431311327,0.425422838,0.418854606,0.76651471,0.643352513,0.392418839
0.252393163,0.205304062,0.184110269,0.235000276,0.23542198,0.193559604,0.407099073,0.514587644,0.37297146,0.311211909,0.284939032,0.288306815,0.338768541,0.203378677,0.371971629,0.600574528,0.618737604,0.419238433,0.376403092,0.365097577,0.300540633,0.32981247,0.189678711,0.784969835,0.837921842,0.778126816,0.712660921,0.641641043,0.513861282,0.415528861,0.298731985,0.155425835,0.926392777,0.9481658,0.903998602,0.848844153,0.781034671,0.597699328,0.492633882,0.384105313,0.267525133,0.931239033,1,0.964372987,0.900354207,0.809836925,0.660437376,0.548929134,0.458066659,0.326077727,0.823547873,0.918502359,0.911540005,0.767982923,0.501078781,0.493858821,0.486075484,0.722599742,0.639369414,0.45437502
0.241104676,0.210699148,0.202393181,0.256160646,0.246916644,0.223382888,0.461203939,0.579656236,0.452425012,0.380950751,0.353754825,0.332367304,0.359860977,0.204593618,0.378757423,0.629173167,0.696228594,0.52483102,0.483090159,0.466396862,0.366766878,0.359323312,0.209669957,0.743360998,0.839795077,0.828333025,0.810880162,0.760819554,0.610037958,0.477717947,0.331439168,0.172795081,0.850794593,0.936152701,0.951832398,0.936595017,0.876666381,0.674415731,0.55275792,0.414454887,0.271030955,0.839813429,0.964372987,1,0.970935523,0.887423975,0.728420844,0.609834885,0.501503503,0.353901302,0.744631179,0.882583972,0.929260715,0.813116568,0.55910242,0.554471848,0.545110226,0.684209755,0.635357861,0.50562332
0.223826795,0.216803638,0.225347236,0.263977969,0.235831169,0.258837547,0.516654214,0.621297829,0.482938056,0.403042749,0.398409026,0.373315513,0.373110412,0.21188338,0.416647929,0.651611289,0.714717551,0.568675382,0.535798602,0.536256266,0.432977363,0.391411559,0.21837693,0.711210592,0.791823464,0.784672381,0.820399242,0.818477103,0.700477045,0.566493114,0.402398037,0.18682773,0.789427057,0.865736663,0.907304804,0.954591805,0.945600316,0.7763906,0.647223422,0.475361271,0.312029156,0.776776092,0.900354207,0.970935523,1,0.961461589,0.830489567,0.710690486,0.588848055,0.428131035,0.698389477,0.849378023,0.928338448,0.876421532,0.646507575,0.643046406,0.634148072,0.677836884,0.674390031,0.564782215
0.218958736,0.232037477,0.258719424,0.255339907,0.230268819,0.291449952,0.542162687,0.634624885,0.477840716,0.399659615,0.448490619,0.43523843,0.398895456,0.233476296,0.448829353,0.651246981,0.679826678,0.566844254,0.551993452,0.590969427,0.518007933,0.449199882,0.226082258,0.677314996,0.714964885,0.684122808,0.750849551,0.818556973,0.783348404,0.676537828,0.514062666,0.205937522,0.723891418,0.763043681,0.798547148,0.889059807,0.96443059,0.88272564,0.767153544,0.57484931,0.387510083,0.704621358,0.809836925,0.887423975,0.961461589,1,0.939506777,0.841279815,0.718670019,0.541520187,0.645477341,0.803504577,0.899731593,0.936827003,0.759209156,0.755439025,0.748864344,0.684028078,0.743151647,0.635259586
0.191477887,0.221858993,0.272167567,0.226745995,0.205372988,0.304841966,0.521099135,0.603316132,0.442638255,0.3696207,0.49322774,0.506176621,0.414068472,0.242335287,0.454229358,0.627759592,0.608739095,0.519552265,0.534720864,0.625200362,0.619975917,0.510204219,0.221417797,0.618476872,0.60175705,0.547696726,0.625314666,0.748866757,0.833996229,0.784051603,0.637575314,0.227974303,0.617255446,0.613021034,0.629468408,0.738518032,0.886887904,0.947625226,0.883603536,0.690395831,0.492511393,0.580929666,0.660437376,0.728420844,0.830489567,0.939506777,1,0.96343767,0.869398633,0.681258238,0.541918006,0.690749552,0.792481826,0.926030641,0.856571001,0.852829106,0.849169028,0.641142177,0.773107385,0.677366264
0.175742517,0.206659943,0.269014017,0.19638471,0.183584539,0.285220735,0.481075236,0.575538918,0.429090074,0.359081769,0.520480754,0.522165619,0.413702327,0.247650421,0.429309717,0.616224805,0.574668499,0.499730173,0.527669351,0.642878227,0.675970505,0.570011857,0.219896938,0.575539795,0.546936208,0.487900638,0.554051556,0.694252524,0.839127191,0.830169525,0.710062054,0.259123562,0.529164317,0.522313621,0.52999082,0.628708973,0.794022897,0.932782507,0.929965989,0.79162577,0.557900993,0.469581489,0.548929134,0.609834885,0.710690486,0.841279815,0.96343767,1,0.95219974,0.733720459,0.432736711,0.574232941,0.680571993,0.849458821,0.871350301,0.867456677,0.86486179,0.549420626,0.716114661,0.669554695
0.157523557,0.166676889,0.240517087,0.159046786,0.142214043,0.251347958,0.415176156,0.531709566,0.38882093,0.318893264,0.498008555,0.493209301,0.402197986,0.23151563,0.408492856,0.566140648,0.520177063,0.443272191,0.483820536,0.587907699,0.643386932,0.573902022,0.210676642,0.541464587,0.48367726,0.418332828,0.471714371,0.602908863,0.746342269,0.762530286,0.689105362,0.261796616,0.468184826,0.445680509,0.43625176,0.512554505,0.66524307,0.820657492,0.855853465,0.808371966,0.604982346,0.392769783,0.458066659,0.501503503,0.588848055,0.718670019,0.869398633,0.95219974,1,0.825454075,0.349262845,0.479552224,0.576704666,0.762948364,0.874467877,0.871162,0.868847102,0.471083367,0.678174627,0.68905574
0.141238399,0.129454412,0.219542111,0.14051615,0.135208381,0.269715293,0.355426892,0.427820143,0.28416922,0.217510374,0.369074672,0.395809753,0.322836317,0.151658291,0.369892833,0.383011049,0.370040219,0.311083325,0.364559869,0.414194668,0.445847801,0.354050868,0.181107421,0.414551669,0.322383213,0.262908422,0.324439062,0.438129191,0.498246988,0.477341418,0.420302372,0.17274735,0.362805907,0.312130152,0.292903619,0.361468345,0.48285441,0.569248456,0.557530284,0.471019512,0.507456702,0.304929101,0.326077727,0.353901302,0.428131035,0.541520187,0.681258238,0.733720459,0.825454075,1,0.256694947,0.34216551,0.403840205,0.597721318,0.85480501,0.858055067,0.859850663,0.343668335,0.603557625,0.772214349
0.231625851,0.193764621,0.129626886,0.210540108,0.203720066,0.174455849,0.339866833,0.358220892,0.232345119,0.224120487,0.224912234,0.279654361,0.276471915,0.18905507,0.27159554,0.461818445,0.381813465,0.251787349,0.237240634,0.251756256,0.261389503,0.271939058,0.126761072,0.545075339,0.536328036,0.441765897,0.420433442,0.399354928,0.370375796,0.363132826,0.301728232,0.160968198,0.737814716,0.654373095,0.589860035,0.579544838,0.569750656,0.478035193,0.40201971,0.327897978,0.184391736,0.919606581,0.823547873,0.744631179,0.698389477,0.645477341,0.541918006,0.432736711,0.349262845,0.256694947,1,0.934818712,0.832527332,0.690346198,0.377249041,0.372794137,0.366092724,0.883031261,0.684166218,0.33429835
0.265214183,0.220846617,0.167468642,0.227230409,0.215362225,0.2035749,0.409070361,0.475686129,0.311283878,0.27291682,0.294478764,0.343468001,0.354337126,0.221928363,0.333869789,0.552186622,0.511200441,0.355450111,0.335475454,0.351179817,0.338928602,0.345663956,0.168230147,0.651395256,0.662363268,0.583118472,0.567522202,0.554060881,0.506130801,0.463302917,0.373347508,0.174824787,0.812943,0.782679254,0.739881403,0.726279265,0.724880416,0.614705017,0.523309405,0.424903742,0.262591275,0.916466725,0.918502359,0.882583972,0.849378023,0.803504577,0.690749552,0.574232941,0.479552224,0.34216551,0.934818712,1,0.964381634,0.842742706,0.510874861,0.504364383,0.49715579,0.909881429,0.773801574,0.440292001
0.252431883,0.222927708,0.190013007,0.232437742,0.220677778,0.223290752,0.453655356,0.549329022,0.383256899,0.328054794,0.366871741,0.390899816,0.386389585,0.22260603,0.355207635,0.606549323,0.599319263,0.44998749,0.432390837,0.453801991,0.418169187,0.398463866,0.192166956,0.677351845,0.714229753,0.662040831,0.66686307,0.673527672,0.625411496,0.553887753,0.436580312,0.195099209,0.792457246,0.813332118,0.806185241,0.814631492,0.830218126,0.721599067,0.624722795,0.505928526,0.306386591,0.839645784,0.911540005,0.929260715,0.928338448,0.899731593,0.792481826,0.680571993,0.576704666,0.403840205,0.832527332,0.964381634,1,0.919816937,0.603634159,0.59697249,0.5892467,0.862235635,0.792710059,0.512465721
0.2143322,0.227642211,0.230389746,0.230279098,0.195658201,0.247091279,0.479864781,0.590214186,0.401895638,0.331013894,0.433148131,0.466754886,0.406864098,0.239691474,0.38656723,0.619042709,0.599517728,0.483256277,0.482309206,0.533878734,0.525374729,0.469582554,0.221614682,0.642106749,0.634367782,0.572977529,0.622825308,0.699670335,0.72011658,0.669596276,0.552431221,0.224489465,0.693984459,0.685585351,0.684167264,0.747433472,0.845487376,0.828809213,0.750595792,0.617056977,0.394744684,0.701808513,0.767982923,0.813116568,0.876421532,0.936827003,0.926030641,0.849458821,0.762948364,0.597721318,0.690346198,0.842742706,0.919816937,1,0.800629252,0.795993311,0.790060957,0.812620708,0.898146253,0.680099417
0.155177698,0.1726349,0.252450017,0.167423924,0.150667877,0.238968986,0.410431445,0.531802309,0.393594974,0.312027513,0.428639981,0.398307103,0.329341046,0.191143423,0.379278259,0.503121133,0.526255274,0.474465635,0.480997231,0.527289604,0.498936909,0.44662916,0.206843068,0.522633466,0.491748587,0.441585408,0.515280298,0.631618699,0.647764555,0.584084979,0.485843566,0.217289185,0.493404278,0.487343495,0.488526196,0.574609598,0.693955932,0.728824435,0.682597039,0.566390299,0.443891889,0.431311327,0.501078781,0.55910242,0.646507575,0.759209156,0.856571001,0.871350301,0.874467877,0.85480501,0.377249041,0.510874861,0.603634159,0.800629252,1,0.998376843,0.998731097,0.479154251,0.748998512,0.912533619
0.154832406,0.173934758,0.25696347,0.168108036,0.14966007,0.248605818,0.419918847,0.5395246,0.40106786,0.317815634,0.43948559,0.40863699,0.336690104,0.192831434,0.384676479,0.506714537,0.531797521,0.480096415,0.491807188,0.538454576,0.50846659,0.452778387,0.206514266,0.516444734,0.485799979,0.438050338,0.517002824,0.636812773,0.650411951,0.583792753,0.482816849,0.218927718,0.48556975,0.479818399,0.483309158,0.572502672,0.692349448,0.726494384,0.678828974,0.560766833,0.44523341,0.425422838,0.493858821,0.554471848,0.643046406,0.755439025,0.852829106,0.867456677,0.871162,0.858055067,0.372794137,0.504364383,0.59697249,0.795993311,0.998376843,1,0.998620999,0.474674886,0.743896085,0.915821323
