1,0.842278968,0.836008131,0.883283248,0.798885368,0.760108603,0.760193013,0.832726459,0.697865236,0.501071452,0.361815737,0.539849109,0.185177422,0.141404461,0.191849282,0.202899633,0.536232702,0.177384946,0.139473986,0.162801152,0.233308825,0.150274443,0.208690038,0.403163622,0.256057825,0.229610196,0.27792887,0.221094087,0.131556658,0.134037006,0.16706773,0.127688777,0.457777126,0.169210695,0.202304488,0.302209612,0.286749066,0.153523738,0.181951607,0.171472566,0.128683056,0.16287801,0.102822183,0.19942312,0.172959718,0.185562776,0.14324941,0.138021259,0.374835283,0.526158892,0.45818316,0.176897786,0.448788817,0.398775026,0.52547219,0.642271372,0.523561156,0.427795925,0.045383012,0.249042881
0.842278968,1,0.749544836,0.799397994,0.863715566,0.617815643,0.617364794,0.734699499,0.807350977,0.693476658,0.578212638,0.778787552,0.35509407,0.209981574,0.117234868,0.183011981,0.505921682,0.217688735,0.190918888,0.138235568,0.424501923,0.12406124,0.101467966,0.2419532,0.165454523,0.199339072,0.30252411,0.299459585,0.181619677,0.25087889,0.268242242,0.142172864,0.261398,0.146899238,0.163563006,0.312096651,0.356247322,0.193040371,0.271256216,0.274294165,0.078412378,0.317527184,0.179056218,0.148554494,0.12340919,0.212882746,0.07130798,0.060847447,0.194460215,0.375122182,0.614865026,0.368436839,0.442312246,0.45039779,0.635531439,0.633663552,0.63321409,0.630065441,0.142544222,0.416218893
0.836008131,0.749544836,1,0.853265322,0.759249927,0.679680732,0.673192011,0.795994692,0.567094229,0.363829112,0.274022344,0.466348864,0.166388312,0.168294287,0.298395109,0.22098322,0.411504378,0.181542238,0.155919466,0.242132075,0.207336136,0.222146425,0.311655492,0.581297071,0.387072312,0.230727058,0.256417514,0.203466207,0.154302368,0.138018913,0.187696808,0.171532172,0.498313813,0.175191271,0.239955226,0.29428096,0.284566832,0.175547264,0.206698645,0.202582677,0.166610567,0.160270888,0.135444716,0.300322504,0.228223615,0.194968569,0.185574424,0.155062884,0.408009903,0.479263777,0.454509717,0.190686977,0.581839129,0.407017655,0.444701434,0.608354954,0.418101392,0.407252737,0.045412866,0.169989486
0.883283248,0.799397994,0.853265322,1,0.808464079,0.781830659,0.833502038,0.936147287,0.778743232,0.544697199,0.403477541,0.568001525,0.17154255,0.139855969,0.233367799,0.246736158,0.580273323,0.226585033,0.176993187,0.197528566,0.256623834,0.166971475,0.247023216,0.461546066,0.305062722,0.254993897,0.302209675,0.238835598,0.15518128,0.148216961,0.168422087,0.12896646,0.475404695,0.185281639,0.229160917,0.303852431,0.284333383,0.165565063,0.186989104,0.165294429,0.140844815,0.161769835,0.123266374,0.249074943,0.206814467,0.184918625,0.179565308,0.162886884,0.412608668,0.567949406,0.45330632,0.178721313,0.506107602,0.455328336,0.54960585,0.673569389,0.504357857,0.431783287,0.052691591,0.258809057
0.798885368,0.863715566,0.759249927,0.808464079,1,0.55615073,0.600964801,0.751319262,0.796914016,0.678690805,0.543675081,0.747274363,0.313683428,0.170391621,0.140776218,0.162572978,0.447911447,0.183140612,0.170986825,0.139700291,0.36249307,0.127736858,0.127156429,0.304261018,0.205446437,0.215045918,0.264939189,0.25162805,0.149417719,0.181827238,0.197394835,0.125831485,0.244180819,0.163920955,0.195529454,0.268698222,0.287434592,0.161420451,0.184422882,0.185846373,0.110319652,0.277593705,0.216237742,0.222769568,0.163177363,0.183273158,0.13893407,0.135897033,0.306293345,0.477629842,0.549284532,0.341208296,0.497811616,0.521679861,0.655639797,0.698409858,0.600395255,0.575257499,0.118564983,0.396388171
0.760108603,0.617815643,0.679680732,0.781830659,0.55615073,1,0.880959725,0.827106531,0.62405249,0.425842985,0.31749231,0.405147079,0.177323161,0.166612949,0.20769023,0.274138032,0.714762191,0.225878778,0.179534865,0.210136133,0.215384992,0.20148944,0.268708091,0.361957143,0.231776355,0.293390539,0.343698253,0.246210003,0.139438371,0.11477417,0.137053087,0.117062602,0.655364757,0.239232478,0.227500785,0.387722683,0.323410169,0.139364013,0.171794421,0.137713836,0.106672573,0.114734541,0.061922028,0.132991308,0.150027146,0.197598401,0.090408696,0.091620389,0.343749737,0.482731998,0.3367362,0.07605756,0.271696456,0.186388824,0.34113447,0.487289272,0.478209949,0.255199387,0.064428047,0.161307137
0.760193013,0.617364794,0.673192011,0.833502038,0.600964801,0.880959725,1,0.914922291,0.709194047,0.470830563,0.354272508,0.424094909,0.167275443,0.171153358,0.21756948,0.317098755,0.769801652,0.265262735,0.192303169,0.206301169,0.222168375,0.206939489,0.275074601,0.342231672,0.223419694,0.302172723,0.341141247,0.245889736,0.162775481,0.119103609,0.127897629,0.144689052,0.611100782,0.234244275,0.22745505,0.328433553,0.26639728,0.151191465,0.125843774,0.095117561,0.167734717,0.095064505,0.063272207,0.151204188,0.172157372,0.170470999,0.15717601,0.175346099,0.43528939,0.579696478,0.270060683,0.065978584,0.27746666,0.243524586,0.391812092,0.557410275,0.482773265,0.235546626,0.055616937,0.191340589
0.832726459,0.734699499,0.795994692,0.936147287,0.751319262,0.827106531,0.914922291,1,0.817947798,0.560135097,0.409554104,0.53527044,0.161798589,0.138895441,0.225533417,0.293554141,0.696764893,0.276100529,0.203229488,0.207668717,0.252709074,0.178413639,0.26298576,0.427370266,0.293268499,0.295999663,0.342634273,0.260712119,0.166159875,0.140662101,0.148105698,0.131143023,0.532349845,0.212140074,0.246374091,0.324919329,0.289426118,0.164907628,0.167460195,0.135711206,0.154171935,0.123411883,0.096935792,0.224986039,0.204371416,0.183212599,0.179059958,0.173375214,0.440059144,0.60123264,0.3805494,0.126536836,0.433742451,0.373954884,0.494859615,0.652943913,0.527086531,0.358725642,0.050238741,0.231214831
0.697865236,0.807350977,0.567094229,0.778743232,0.796914016,0.62405249,0.709194047,0.817947798,1,0.895924056,0.750438603,0.81536361,0.349762978,0.17852897,0.1351073,0.292863423,0.679265555,0.405427654,0.361758075,0.218500532,0.488030441,0.125821489,0.090458305,0.165591861,0.142332323,0.256855222,0.389207622,0.388401689,0.239026385,0.249571349,0.215730631,0.094057067,0.239254653,0.171807788,0.185845557,0.313742238,0.336001191,0.184203965,0.214311515,0.184044567,0.060541584,0.256918467,0.137475433,0.122068998,0.125609106,0.185613984,0.086440377,0.086914975,0.216407006,0.451097876,0.493634237,0.264495898,0.309186684,0.394916491,0.632320144,0.625887187,0.679726352,0.517323505,0.153257158,0.471752725
0.501071452,0.693476658,0.363829112,0.544697199,0.678690805,0.425842985,0.470830563,0.560135097,0.895924056,1,0.928770836,0.875722094,0.576058639,0.338014487,0.159249965,0.317295747,0.551823745,0.558767744,0.581460463,0.403785577,0.688096198,0.270859263,0.1332316,0.070665778,0.091947826,0.219621723,0.442086169,0.541219514,0.397962853,0.366202794,0.310877096,0.174936576,0.148592266,0.142129533,0.157246077,0.315329931,0.381900353,0.261891045,0.249773807,0.222214771,0.070477682,0.372859247,0.147991984,0.070157783,0.11959454,0.209155374,0.077434048,0.06221876,0.090950438,0.266423347,0.495960641,0.334467623,0.182662809,0.323600476,0.583446434,0.469347217,0.63089691,0.513877563,0.283596634,0.582757634
0.361815737,0.578212638,0.274022344,0.403477541,0.543675081,0.31749231,0.354272508,0.409554104,0.750438603,0.928770836,1,0.877075575,0.734656007,0.507747231,0.229626806,0.365201972,0.46711373,0.663358716,0.709771912,0.574384252,0.831343295,0.44549621,0.266216403,0.086352402,0.109043304,0.197660441,0.483074662,0.628112848,0.531082081,0.44797389,0.397633486,0.290783964,0.182168299,0.129547292,0.160707592,0.333793286,0.419141023,0.346669438,0.273984914,0.249011892,0.137188371,0.470366093,0.154014349,0.068459188,0.164734417,0.24921048,0.120851119,0.084010742,0.06636283,0.153044933,0.477631435,0.377963912,0.128224243,0.264903463,0.505052076,0.3495489,0.535525913,0.484858598,0.39188823,0.626696343
0.539849109,0.778787552,0.466348864,0.568001525,0.747274363,0.405147079,0.424094909,0.53527044,0.81536361,0.875722094,0.877075575,1,0.657250808,0.407051034,0.092828929,0.199433343,0.449026612,0.380867971,0.412620134,0.327356224,0.765068398,0.309902899,0.156535266,0.098666485,0.081055199,0.176075699,0.366080476,0.467046964,0.383129313,0.446640357,0.412905142,0.246569022,0.157699145,0.134998207,0.136685628,0.31965505,0.415153328,0.294320388,0.336859881,0.333053995,0.103788391,0.519530333,0.24521964,0.090711325,0.114265468,0.24117616,0.078715507,0.058971097,0.082741392,0.227893789,0.660357101,0.513769613,0.307928625,0.424413389,0.644076641,0.505224052,0.623355142,0.68306727,0.32963639,0.600493721
0.185177422,0.35509407,0.166388312,0.17154255,0.313683428,0.177323161,0.167275443,0.161798589,0.349762978,0.576058639,0.734656007,0.657250808,1,0.827025579,0.256474654,0.282174876,0.232772913,0.56092037,0.639841376,0.652700777,0.834625683,0.758433017,0.566856812,0.141329726,0.146185299,0.159176771,0.43564959,0.626704952,0.638105827,0.528084825,0.523645828,0.555294413,0.288409231,0.14044428,0.17767534,0.326449008,0.441367879,0.483447535,0.302944347,0.3211261,0.360828891,0.569950448,0.227815351,0.106036073,0.270351954,0.333918094,0.28679261,0.217383139,0.163393922,0.062813335,0.412127317,0.491782518,0.087624257,0.189077964,0.314902342,0.154119618,0.32713906,0.441337912,0.578333565,0.539345784
0.141404461,0.209981574,0.168294287,0.139855969,0.170391621,0.166612949,0.171153358,0.138895441,0.17852897,0.338014487,0.507747231,0.407051034,0.827025579,1,0.287947391,0.252886887,0.163899077,0.480185817,0.553905088,0.660579302,0.703082525,0.835879772,0.708191323,0.215327988,0.187692143,0.155618185,0.375921791,0.538494004,0.659666776,0.529061912,0.559247691,0.644812395,0.390290676,0.153310311,0.191340023,0.297340062,0.395662354,0.527049139,0.309367884,0.332095526,0.524687855,0.523815869,0.228643314,0.138711465,0.310598413,0.342982386,0.415492839,0.370400354,0.343671704,0.14969134,0.30051744,0.449050885,0.08359965,0.14494564,0.188367896,0.101853126,0.174064107,0.320297155,0.572256545,0.406957567
0.191849282,0.117234868,0.298395109,0.233367799,0.140776218,0.20769023,0.21756948,0.225533417,0.1351073,0.159249965,0.229626806,0.092828929,0.256474654,0.287947391,1,0.821120433,0.219755212,0.693939718,0.587410266,0.58852341,0.216467288,0.415546507,0.485855028,0.766363984,0.764526917,0.512673592,0.544000187,0.465674092,0.392118876,0.123449726,0.153561378,0.261937773,0.253509062,0.433902413,0.576124579,0.338585297,0.271008828,0.312893949,0.102347637,0.085008424,0.254690402,0.066253566,0.294996276,0.635446163,0.585600005,0.303145285,0.394152674,0.234739785,0.279642623,0.192975867,0.065482944,0.070710364,0.425754743,0.219776018,0.081625551,0.157192877,0.098201155,0.059077955,0.155279995,0.106125287
0.202899633,0.183011981,0.22098322,0.246736158,0.162572978,0.274138032,0.317098755,0.293554141,0.292863423,0.317295747,0.365201972,0.199433343,0.282174876,0.252886887,0.821120433,1,0.505429569,0.777453972,0.593699098,0.492436147,0.264832054,0.310801572,0.35759445,0.547913072,0.728265831,0.722951421,0.717558944,0.534138665,0.338456209,0.113581874,0.127999553,0.188951719,0.234165904,0.609663056,0.692431833,0.475832136,0.345181066,0.280824499,0.104027957,0.077396084,0.173176385,0.062801792,0.337783151,0.585946707,0.564482004,0.333000694,0.272738276,0.137722866,0.17681222,0.188179494,0.06619528,0.07412873,0.325886028,0.166936607,0.123824888,0.169199844,0.217208895,0.080811817,0.126184902,0.170358059
0.536232702,0.505921682,0.411504378,0.580273323,0.447911447,0.714762191,0.769801652,0.696764893,0.679265555,0.551823745,0.46711373,0.449026612,0.232772913,0.163899077,0.219755212,0.505429569,1,0.443356584,0.303763331,0.207633657,0.288113976,0.144362426,0.147894945,0.1696503,0.222884696,0.504609332,0.591394414,0.402354132,0.189956835,0.134702601,0.1343569,0.088902619,0.485916082,0.408074863,0.363075537,0.542771534,0.421131374,0.18320815,0.152216994,0.108954908,0.064778846,0.117907388,0.146046361,0.151869982,0.210235683,0.277548315,0.076238354,0.07154483,0.214479627,0.350425593,0.255479349,0.088759682,0.130126128,0.129915591,0.315469217,0.392395945,0.48309316,0.199963892,0.072062205,0.224900508
0.177384946,0.217688735,0.181542238,0.226585033,0.183140612,0.225878778,0.265262735,0.276100529,0.405427654,0.558767744,0.663358716,0.380867971,0.56092037,0.480185817,0.693939718,0.777453972,0.443356584,1,0.931257258,0.794798131,0.56714335,0.558347443,0.500653068,0.421840794,0.497055762,0.421760738,0.738197517,0.788298365,0.627887817,0.307167769,0.291458755,0.338974829,0.250618467,0.284347522,0.42672144,0.436065943,0.448597904,0.440651994,0.185678374,0.140944639,0.243059154,0.177478041,0.113240261,0.347886383,0.475198713,0.350566854,0.323066977,0.185161678,0.170562813,0.117445484,0.14609657,0.093002861,0.165197899,0.103411111,0.177387647,0.14841408,0.28643499,0.139285069,0.293934993,0.347487152
0.139473986,0.190918888,0.155919466,0.176993187,0.170986825,0.179534865,0.192303169,0.203229488,0.361758075,0.581460463,0.709771912,0.412620134,0.639841376,0.553905088,0.587410266,0.593699098,0.303763331,0.931257258,1,0.906104711,0.656610559,0.654784731,0.534021845,0.37118416,0.387288282,0.271313441,0.594899186,0.769956598,0.704250245,0.38132506,0.33876697,0.372370433,0.290072753,0.176949702,0.295149859,0.342737534,0.400905396,0.443798081,0.206904932,0.165012416,0.255161603,0.246728642,0.082662868,0.243987018,0.377173614,0.292596713,0.301309607,0.187963479,0.161451914,0.074451093,0.174633015,0.145004051,0.106997512,0.079425897,0.168788065,0.10763357,0.252387131,0.159147269,0.377841848,0.383141057
0.162801152,0.138235568,0.242132075,0.197528566,0.139700291,0.210136133,0.206301169,0.207668717,0.218500532,0.403785577,0.574384252,0.327356224,0.652700777,0.660579302,0.58852341,0.492436147,0.207633657,0.794798131,0.906104711,1,0.665968639,0.825058627,0.698379761,0.484138083,0.423473892,0.230521297,0.4955221,0.677183417,0.774339618,0.453428627,0.405325879,0.48055269,0.452544838,0.163679226,0.28228637,0.317732261,0.37313895,0.495477204,0.239455595,0.197505569,0.365601572,0.274159626,0.085608875,0.264087849,0.401100333,0.302521631,0.401771741,0.296633575,0.317176791,0.132348137,0.156620594,0.150550899,0.145300902,0.073711589,0.104484756,0.099066676,0.139521264,0.117407997,0.417701004,0.300194785
0.233308825,0.424501923,0.207336136,0.256623834,0.36249307,0.215384992,0.222168375,0.252709074,0.488030441,0.688096198,0.831343295,0.765068398,0.834625683,0.703082525,0.216467288,0.264832054,0.288113976,0.56714335,0.656610559,0.665968639,1,0.686778157,0.412671259,0.101041737,0.094354306,0.140005172,0.448787709,0.67316984,0.777470418,0.763718192,0.693941464,0.542749869,0.225890631,0.10249888,0.136789959,0.342012938,0.50211979,0.572772314,0.501012419,0.476177241,0.332907545,0.584332006,0.194408984,0.068162487,0.214419748,0.349980112,0.271319193,0.243492293,0.144193971,0.081548205,0.499810162,0.484003948,0.135228496,0.228366087,0.37391777,0.217888465,0.377993454,0.49749809,0.438364169,0.522474511
0.150274443,0.12406124,0.222146425,0.166971475,0.127736858,0.20148944,0.206939489,0.178413639,0.125821489,0.270859263,0.44549621,0.309902899,0.758433017,0.835879772,0.415546507,0.310801572,0.144362426,0.558347443,0.654784731,0.825058627,0.686778157,1,0.835358787,0.380132846,0.296264659,0.172402816,0.402050876,0.585943569,0.764171946,0.549647313,0.563860903,0.703152768,0.497506124,0.149693529,0.232201546,0.294451544,0.379421741,0.578604581,0.302224143,0.304293905,0.583206553,0.395908234,0.138257728,0.20555299,0.400066394,0.349411703,0.531101243,0.466900093,0.48295249,0.226886947,0.18666766,0.271041021,0.096512112,0.087636613,0.103946419,0.104837111,0.121351789,0.173390847,0.527958257,0.302852815
0.208690038,0.101467966,0.311655492,0.247023216,0.127156429,0.268708091,0.275074601,0.26298576,0.090458305,0.1332316,0.266216403,0.156535266,0.566856812,0.708191323,0.485855028,0.35759445,0.147894945,0.500653068,0.534021845,0.698379761,0.412671259,0.835358787,1,0.535290851,0.437616681,0.23692829,0.396413402,0.478110119,0.566414718,0.308667512,0.36464578,0.619662617,0.538121088,0.203058141,0.319527347,0.29222849,0.312378844,0.467257674,0.164404851,0.170560509,0.57075289,0.2483321,0.126484333,0.329348299,0.498171221,0.333436673,0.572323252,0.464879368,0.564763356,0.341809131,0.098501038,0.15410151,0.187046639,0.105266216,0.06760608,0.149519944,0.092458744,0.08688321,0.469291147,0.198852057
0.403163622,0.2419532,0.581297071,0.461546066,0.304261018,0.361957143,0.342231672,0.427370266,0.165591861,0.070665778,0.086352402,0.098666485,0.141329726,0.215327988,0.766363984,0.547913072,0.1696503,0.421840794,0.37118416,0.484138083,0.101041737,0.380132846,0.535290851,1,0.795573325,0.395220841,0.348131031,0.277159724,0.254022745,0.081636783,0.127815928,0.230826267,0.464323745,0.35209316,0.478732131,0.27218765,0.212928908,0.227146056,0.133045295,0.123312619,0.243480315,0.090329997,0.267671756,0.619911764,0.495618448,0.221545922,0.362206571,0.226302318,0.409244478,0.332499169,0.202888847,0.109390164,0.625026427,0.341912066,0.178979794,0.331003588,0.107611192,0.161403284,0.133730156,0.060740323
0.256057825,0.165454523,0.387072312,0.305062722,0.205446437,0.231776355,0.223419694,0.293268499,0.142332323,0.091947826,0.109043304,0.081055199,0.146185299,0.187692143,0.764526917,0.728265831,0.222884696,0.497055762,0.387288282,0.423473892,0.094354306,0.296264659,0.437616681,0.795573325,1,0.674792946,0.478082494,0.310891041,0.217632473,0.065546422,0.085779521,0.169618605,0.307872323,0.612184615,0.721851586,0.343950036,0.220580236,0.209216788,0.119622012,0.107959899,0.187695632,0.069979399,0.42744363,0.766521959,0.604435235,0.258995592,0.322273205,0.163616256,0.273076737,0.242520325,0.118544292,0.134553329,0.592418001,0.31320488,0.126698677,0.229536341,0.095004878,0.134208187,0.120964424,0.061472605
0.229610196,0.199339072,0.230727058,0.254993897,0.215045918,0.293390539,0.302172723,0.295999663,0.256855222,0.219621723,0.197660441,0.176075699,0.159176771,0.155618185,0.512673592,0.722951421,0.504609332,0.421760738,0.271313441,0.230521297,0.140005172,0.172402816,0.23692829,0.395220841,0.674792946,1,0.678374997,0.36705792,0.179433919,0.076304105,0.07055221,0.117345288,0.323589463,0.910075765,0.921420977,0.604860382,0.362849025,0.226710229,0.093667829,0.063842415,0.137014563,0.104813649,0.588383595,0.688313574,0.610680753,0.399480584,0.247730764,0.126597902,0.203086,0.252470901,0.094048751,0.203686672,0.378270503,0.241935561,0.151033045,0.217772679,0.228051892,0.14314847,0.143732869,0.114063207
0.27792887,0.30252411,0.256417514,0.302209675,0.264939189,0.343698253,0.341141247,0.342634273,0.389207622,0.442086169,0.483074662,0.366080476,0.43564959,0.375921791,0.544000187,0.717558944,0.591394414,0.738197517,0.594899186,0.4955221,0.448787709,0.402050876,0.396413402,0.348131031,0.478082494,0.678374997,1,0.854791812,0.564177418,0.312769028,0.370904376,0.40390313,0.301478592,0.544369692,0.708094763,0.867020437,0.799357904,0.626472927,0.326228011,0.25679753,0.31996819,0.179710246,0.240587008,0.491420985,0.716113627,0.717187243,0.453252458,0.273149024,0.232893668,0.200136997,0.241722646,0.125417467,0.231874111,0.18706561,0.223014477,0.242716198,0.344013785,0.203577498,0.16915423,0.249971177
0.221094087,0.299459585,0.203466207,0.238835598,0.25162805,0.246210003,0.245889736,0.260712119,0.388401689,0.541219514,0.628112848,0.467046964,0.626704952,0.538494004,0.465674092,0.534138665,0.402354132,0.788298365,0.769956598,0.677183417,0.67316984,0.585943569,0.478110119,0.277159724,0.310891041,0.36705792,0.854791812,1,0.807470564,0.53638453,0.555600075,0.571602585,0.245882116,0.248162983,0.430711101,0.679553359,0.802551063,0.767379905,0.451517074,0.391198855,0.42649121,0.300776472,0.108113145,0.300002167,0.583461555,0.653404975,0.497042842,0.341561391,0.234204445,0.128436672,0.324218271,0.210202705,0.149754696,0.151128803,0.240004976,0.19993391,0.353407266,0.286684567,0.27024339,0.343574634
0.131556658,0.181619677,0.154302368,0.15518128,0.149417719,0.139438371,0.162775481,0.166159875,0.239026385,0.397962853,0.531082081,0.383129313,0.638105827,0.659666776,0.392118876,0.338456209,0.189956835,0.627887817,0.704250245,0.774339618,0.777470418,0.764171946,0.566414718,0.254022745,0.217632473,0.179433919,0.564177418,0.807470564,1,0.818901778,0.751007345,0.703374612,0.27442795,0.111966334,0.243679547,0.431311817,0.612829753,0.840351388,0.601129227,0.528395969,0.570716579,0.373180213,0.092379047,0.198123558,0.455097109,0.531883451,0.608044324,0.546947222,0.381999976,0.155447865,0.27817888,0.269521462,0.122037097,0.133562126,0.176016094,0.138285676,0.201363188,0.261949312,0.35129888,0.305607487
0.134037006,0.25087889,0.138018913,0.148216961,0.181827238,0.11477417,0.119103609,0.140662101,0.249571349,0.366202794,0.44797389,0.446640357,0.528084825,0.529061912,0.123449726,0.113581874,0.134702601,0.307167769,0.38132506,0.453428627,0.763718192,0.549647313,0.308667512,0.081636783,0.065546422,0.076304105,0.312769028,0.53638453,0.818901778,1,0.888612975,0.633183228,0.147514959,0.06741389,0.082074266,0.286921611,0.506300255,0.736927096,0.827261148,0.776388582,0.485574245,0.458514434,0.173860231,0.066424601,0.196151412,0.413740141,0.421932571,0.488535727,0.259217045,0.095332682,0.410158454,0.420786946,0.170985536,0.182356632,0.227670912,0.141912623,0.213680626,0.405778862,0.282407674,0.285548578
0.16706773,0.268242242,0.187696808,0.168422087,0.197394835,0.137053087,0.127897629,0.148105698,0.215730631,0.310877096,0.397633486,0.412905142,0.523645828,0.559247691,0.153561378,0.127999553,0.1343569,0.291458755,0.33876697,0.405325879,0.693941464,0.563860903,0.36464578,0.127815928,0.085779521,0.07055221,0.370904376,0.555600075,0.751007345,0.888612975,1,0.777253066,0.163531226,0.045476049,0.104590682,0.385999185,0.606738193,0.791918375,0.844078825,0.855651056,0.610418753,0.499938604,0.137764496,0.081777459,0.259961237,0.523972799,0.476505416,0.537888662,0.316943401,0.136036603,0.478219609,0.426304794,0.190471845,0.184862462,0.230133844,0.160554767,0.19779569,0.423791525,0.247174413,0.273501641
0.127688777,0.142172864,0.171532172,0.12896646,0.125831485,0.117062602,0.144689052,0.131143023,0.094057067,0.174936576,0.290783964,0.246569022,0.555294413,0.644812395,0.261937773,0.188951719,0.088902619,0.338974829,0.372370433,0.48055269,0.542749869,0.703152768,0.619662617,0.230826267,0.169618605,0.117345288,0.40390313,0.571602585,0.703374612,0.633183228,0.777253066,1,0.283755116,0.083945836,0.194613693,0.377420955,0.5490249,0.774044212,0.561470486,0.604329278,0.80843344,0.459153353,0.122644925,0.169863608,0.42731969,0.543902661,0.639771023,0.635194442,0.509386185,0.269365308,0.314798315,0.337353623,0.134372116,0.127067698,0.129631734,0.127864195,0.115991351,0.275561096,0.336780498,0.229492742
0.457777126,0.261398,0.498313813,0.475404695,0.244180819,0.655364757,0.611100782,0.532349845,0.239254653,0.148592266,0.182168299,0.157699145,0.288409231,0.390290676,0.253509062,0.234165904,0.485916082,0.250618467,0.290072753,0.452544838,0.225890631,0.497506124,0.538121088,0.464323745,0.307872323,0.323589463,0.301478592,0.245882116,0.27442795,0.147514959,0.163531226,0.283755116,1,0.395323784,0.323241371,0.397029371,0.282719933,0.212329846,0.117850335,0.091008995,0.269410655,0.301924415,0.226354423,0.230499098,0.261452717,0.234510133,0.222302482,0.20805229,0.459937193,0.396959554,0.220433247,0.171609942,0.20943473,0.080913868,0.126558008,0.275224073,0.240165272,0.119135356,0.313910252,0.131624104
0.169210695,0.146899238,0.175191271,0.185281639,0.163920955,0.239232478,0.234244275,0.212140074,0.171807788,0.142129533,0.129547292,0.134998207,0.14044428,0.153310311,0.433902413,0.609663056,0.408074863,0.284347522,0.176949702,0.163679226,0.10249888,0.149693529,0.203058141,0.35209316,0.612184615,0.910075765,0.544369692,0.248162983,0.111966334,0.06741389,0.045476049,0.083945836,0.395323784,1,0.90271886,0.560455069,0.291754391,0.159681066,0.072031033,0.055398847,0.118347285,0.204632487,0.753100635,0.734981503,0.58843177,0.367480588,0.214842725,0.114089835,0.181820241,0.219663821,0.121233367,0.324101175,0.410188449,0.295418095,0.138800674,0.178211022,0.185168748,0.178261237,0.216118439,0.112893379
0.202304488,0.163563006,0.239955226,0.229160917,0.195529454,0.227500785,0.22745505,0.246374091,0.185845557,0.157246077,0.160707592,0.136685628,0.17767534,0.191340023,0.576124579,0.692431833,0.363075537,0.42672144,0.295149859,0.28228637,0.136789959,0.232201546,0.319527347,0.478732131,0.721851586,0.921420977,0.708094763,0.430711101,0.243679547,0.082074266,0.104590682,0.194613693,0.323241371,0.90271886,1,0.681149635,0.451521055,0.341069065,0.120066197,0.079070089,0.213876858,0.129458868,0.617515483,0.846528621,0.808615213,0.543412112,0.402729112,0.21809394,0.258192332,0.256018322,0.110140183,0.213254937,0.468616337,0.321210817,0.153313286,0.221003397,0.185117174,0.154727005,0.176796354,0.118633731
0.302209612,0.312096651,0.29428096,0.303852431,0.268698222,0.387722683,0.328433553,0.324919329,0.313742238,0.315329931,0.333793286,0.31965505,0.326449008,0.297340062,0.338585297,0.475832136,0.542771534,0.436065943,0.342737534,0.317732261,0.342012938,0.294451544,0.29222849,0.27218765,0.343950036,0.604860382,0.867020437,0.679553359,0.431311817,0.286921611,0.385999185,0.377420955,0.397029371,0.560455069,0.681149635,1,0.899277448,0.634994208,0.423295577,0.350679632,0.31115632,0.220092354,0.278469384,0.452641839,0.698803481,0.860836475,0.456874028,0.300282704,0.234381562,0.200226279,0.332746453,0.183430827,0.244501941,0.213869513,0.22894917,0.252224572,0.319112937,0.252786957,0.172164784,0.211270544
0.286749066,0.356247322,0.284566832,0.284333383,0.287434592,0.323410169,0.26639728,0.289426118,0.336001191,0.381900353,0.419141023,0.415153328,0.441367879,0.395662354,0.271008828,0.345181066,0.421131374,0.448597904,0.400905396,0.37313895,0.50211979,0.379421741,0.312378844,0.212928908,0.220580236,0.362849025,0.799357904,0.802551063,0.612829753,0.506300255,0.606738193,0.5490249,0.282719933,0.291754391,0.451521055,0.899277448,1,0.824103983,0.640848186,0.576305111,0.439207799,0.312575443,0.139899209,0.289834155,0.601601286,0.888420854,0.530944107,0.403140384,0.24500336,0.157692892,0.455953561,0.254978974,0.211104868,0.201810445,0.266246976,0.248277351,0.34704277,0.362201571,0.181248926,0.264529468
0.153523738,0.193040371,0.175547264,0.165565063,0.161420451,0.139364013,0.151191465,0.164907628,0.184203965,0.261891045,0.346669438,0.294320388,0.483447535,0.527049139,0.312893949,0.280824499,0.18320815,0.440651994,0.443798081,0.495477204,0.572772314,0.578604581,0.467257674,0.227146056,0.209216788,0.226710229,0.626472927,0.767379905,0.840351388,0.736927096,0.791918375,0.774044212,0.212329846,0.159681066,0.341069065,0.634994208,0.824103983,1,0.770549421,0.70019738,0.70256281,0.338794619,0.11222944,0.278063612,0.610335223,0.818680539,0.780536181,0.710278822,0.460756053,0.233674011,0.328360336,0.268045432,0.195471969,0.204877935,0.205428185,0.197634126,0.202378123,0.299006629,0.253592439,0.25059746
0.181951607,0.271256216,0.206698645,0.186989104,0.184422882,0.171794421,0.125843774,0.167460195,0.214311515,0.249773807,0.273984914,0.336859881,0.302944347,0.309367884,0.102347637,0.104027957,0.152216994,0.185678374,0.206904932,0.239455595,0.501012419,0.302224143,0.164404851,0.133045295,0.119622012,0.093667829,0.326228011,0.451517074,0.601129227,0.827261148,0.844078825,0.561470486,0.117850335,0.072031033,0.120066197,0.423295577,0.640848186,0.770549421,1,0.942780456,0.487336618,0.356887094,0.128377146,0.107833092,0.234726532,0.576483354,0.451670047,0.539091148,0.261353452,0.124227029,0.463963778,0.351862875,0.257581074,0.19990265,0.237695048,0.190536639,0.216900425,0.409179885,0.148040529,0.215715477
0.171472566,0.274294165,0.202582677,0.165294429,0.185846373,0.137713836,0.095117561,0.135711206,0.184044567,0.222214771,0.249011892,0.333053995,0.3211261,0.332095526,0.085008424,0.077396084,0.108954908,0.140944639,0.165012416,0.197505569,0.476177241,0.304293905,0.170560509,0.123312619,0.107959899,0.063842415,0.25679753,0.391198855,0.528395969,0.776388582,0.855651056,0.604329278,0.091008995,0.055398847,0.079070089,0.350679632,0.576305111,0.70019738,0.942780456,1,0.5330881,0.399455917,0.157176344,0.081205056,0.180981763,0.515599488,0.409199674,0.521372241,0.269884258,0.130937529,0.491958282,0.410044916,0.259328187,0.197842132,0.2361255,0.180335367,0.20782736,0.444626277,0.166630031,0.219453973
0.128683056,0.078412378,0.166610567,0.140844815,0.110319652,0.106672573,0.167734717,0.154171935,0.060541584,0.070477682,0.137188371,0.103788391,0.360828891,0.524687855,0.254690402,0.173176385,0.064778846,0.243059154,0.255161603,0.365601572,0.332907545,0.583206553,0.57075289,0.243480315,0.187695632,0.137014563,0.31996819,0.42649121,0.570716579,0.485574245,0.610418753,0.80843344,0.269410655,0.118347285,0.213876858,0.31115632,0.439207799,0.70256281,0.487336618,0.5330881,1,0.333794217,0.142473865,0.222379469,0.436994207,0.505977916,0.732969337,0.78091907,0.720592579,0.505972023,0.184840752,0.257333235,0.163600544,0.169954362,0.141006114,0.225167715,0.124761427,0.179561615,0.295630554,0.179363154
0.16287801,0.317527184,0.160270888,0.161769835,0.277593705,0.114734541,0.095064505,0.123411883,0.256918467,0.372859247,0.470366093,0.519530333,0.569950448,0.523815869,0.066253566,0.062801792,0.117907388,0.177478041,0.246728642,0.274159626,0.584332006,0.395908234,0.2483321,0.090329997,0.069979399,0.104813649,0.179710246,0.300776472,0.373180213,0.458514434,0.499938604,0.459153353,0.301924415,0.204632487,0.129458868,0.220092354,0.312575443,0.338794619,0.356887094,0.399455917,0.333794217,1,0.557692676,0.178645773,0.13332675,0.227515169,0.148548381,0.156566433,0.10503225,0.053229988,0.733754732,0.82212393,0.310233063,0.430419686,0.430490973,0.198275732,0.2204987,0.667117474,0.524580966,0.546093804
0.102822183,0.179056218,0.135444716,0.123266374,0.216237742,0.061922028,0.063272207,0.096935792,0.137475433,0.147991984,0.154014349,0.24521964,0.227815351,0.228643314,0.294996276,0.337783151,0.146046361,0.113240261,0.082662868,0.085608875,0.194408984,0.138257728,0.126484333,0.267671756,0.42744363,0.588383595,0.240587008,0.108113145,0.092379047,0.173860231,0.137764496,0.122644925,0.226354423,0.753100635,0.617515483,0.278469384,0.139899209,0.11222944,0.128377146,0.157176344,0.142473865,0.557692676,1,0.708651741,0.415324118,0.220608128,0.167622152,0.103494609,0.116551147,0.143870328,0.374020925,0.75088283,0.608693616,0.573432427,0.309397527,0.211754778,0.151301874,0.484504826,0.398217929,0.289818461
0.19942312,0.148554494,0.300322504,0.249074943,0.222769568,0.132991308,0.151204188,0.224986039,0.122068998,0.070157783,0.068459188,0.090711325,0.106036073,0.138711465,0.635446163,0.585946707,0.151869982,0.347886383,0.243987018,0.264087849,0.068162487,0.20555299,0.329348299,0.619911764,0.766521959,0.688313574,0.491420985,0.300002167,0.198123558,0.066424601,0.081777459,0.169863608,0.230499098,0.734981503,0.846528621,0.452641839,0.289834155,0.278063612,0.107833092,0.081205056,0.222379469,0.178645773,0.708651741,1,0.814891827,0.431987124,0.460825068,0.268082346,0.31378777,0.291219176,0.172086757,0.335903119,0.741569697,0.555221559,0.233624288,0.293988263,0.117427322,0.250586451,0.196280397,0.128594818
0.172959718,0.12340919,0.228223615,0.206814467,0.163177363,0.150027146,0.172157372,0.204371416,0.125609106,0.11959454,0.164734417,0.114265468,0.270351954,0.310598413,0.585600005,0.564482004,0.210235683,0.475198713,0.377173614,0.401100333,0.214419748,0.400066394,0.498171221,0.495618448,0.604435235,0.610680753,0.716113627,0.583461555,0.455097109,0.196151412,0.259961237,0.42731969,0.261452717,0.58843177,0.808615213,0.698803481,0.601601286,0.610335223,0.234726532,0.180981763,0.436994207,0.13332675,0.415324118,0.814891827,1,0.775530192,0.740844786,0.494329981,0.428449061,0.31618148,0.122691404,0.170033496,0.454398888,0.383626478,0.176004699,0.241292209,0.151835711,0.16098122,0.226585544,0.149357536
0.185562776,0.212882746,0.194968569,0.184918625,0.183273158,0.197598401,0.170470999,0.183212599,0.185613984,0.209155374,0.24921048,0.24117616,0.333918094,0.342982386,0.303145285,0.333000694,0.277548315,0.350566854,0.292596713,0.302521631,0.349980112,0.349411703,0.333436673,0.221545922,0.258995592,0.399480584,0.717187243,0.653404975,0.531883451,0.413740141,0.523972799,0.543902661,0.234510133,0.367480588,0.543412112,0.860836475,0.888420854,0.818680539,0.576483354,0.515599488,0.505977916,0.227515169,0.220608128,0.431987124,0.775530192,1,0.722854078,0.56876006,0.349611176,0.226986451,0.289465937,0.207911369,0.244066647,0.280399829,0.221376064,0.221719787,0.239572235,0.268650995,0.21646267,0.220958758
0.14324941,0.07130798,0.185574424,0.179565308,0.13893407,0.090408696,0.15717601,0.179059958,0.086440377,0.077434048,0.120851119,0.078715507,0.28679261,0.415492839,0.394152674,0.272738276,0.076238354,0.323066977,0.301309607,0.401771741,0.271319193,0.531101243,0.572323252,0.362206571,0.322273205,0.247730764,0.453252458,0.497042842,0.608044324,0.421932571,0.476505416,0.639771023,0.222302482,0.214842725,0.402729112,0.456874028,0.530944107,0.780536181,0.451670047,0.409199674,0.732969337,0.148548381,0.167622152,0.460825068,0.740844786,0.722854078,1,0.909644694,0.738671715,0.485238025,0.096758723,0.135861948,0.270037363,0.328589703,0.204108419,0.295817517,0.121162713,0.132656318,0.27609916,0.179485306
0.138021259,0.060847447,0.155062884,0.162886884,0.135897033,0.091620389,0.175346099,0.173375214,0.086914975,0.06221876,0.084010742,0.058971097,0.217383139,0.370400354,0.234739785,0.137722866,0.07154483,0.185161678,0.187963479,0.296633575,0.243492293,0.466900093,0.464879368,0.226302318,0.163616256,0.126597902,0.273149024,0.341561391,0.546947222,0.488535727,0.537888662,0.635194442,0.20805229,0.114089835,0.21809394,0.300282704,0.403140384,0.710278822,0.539091148,0.521372241,0.78091907,0.156566433,0.103494609,0.268082346,0.494329981,0.56876006,0.909644694,1,0.823449485,0.565632351,0.089843386,0.135541516,0.175542311,0.259748697,0.216287425,0.336808897,0.151128904,0.111321818,0.243094374,0.180007962
0.374835283,0.194460215,0.408009903,0.412608668,0.306293345,0.343749737,0.43528939,0.440059144,0.216407006,0.090950438,0.06636283,0.082741392,0.163393922,0.343671704,0.279642623,0.17681222,0.214479627,0.170562813,0.161451914,0.317176791,0.144193971,0.48295249,0.564763356,0.409244478,0.273076737,0.203086,0.232893668,0.234204445,0.381999976,0.259217045,0.316943401,0.509386185,0.459937193,0.181820241,0.258192332,0.234381562,0.24500336,0.460756053,0.261353452,0.269884258,0.720592579,0.10503225,0.116551147,0.31378777,0.428449061,0.349611176,0.738671715,0.823449485,1,0.84822786,0.082510295,0.081473069,0.285576192,0.305078474,0.313124776,0.576363782,0.329197958,0.08629296,0.219491702,0.176727397
0.526158892,0.375122182,0.479263777,0.567949406,0.477629842,0.482731998,0.579696478,0.60123264,0.451097876,0.266423347,0.153044933,0.227893789,0.062813335,0.14969134,0.192975867,0.188179494,0.350425593,0.117445484,0.074451093,0.132348137,0.081548205,0.226886947,0.341809131,0.332499169,0.242520325,0.252470901,0.200136997,0.128436672,0.155447865,0.095332682,0.136036603,0.269365308,0.396959554,0.219663821,0.256018322,0.200226279,0.157692892,0.233674011,0.124227029,0.130937529,0.505972023,0.053229988,0.143870328,0.291219176,0.31618148,0.226986451,0.485238025,0.565632351,0.84822786,1,0.138627042,0.075091099,0.340454484,0.397271619,0.48188421,0.731589033,0.551460118,0.179360828,0.117377566,0.249766238
0.45818316,0.614865026,0.454509717,0.45330632,0.549284532,0.3367362,0.270060683,0.3805494,0.493634237,0.495960641,0.477631435,0.660357101,0.412127317,0.30051744,0.065482944,0.06619528,0.255479349,0.14609657,0.174633015,0.156620594,0.499810162,0.18666766,0.098501038,0.202888847,0.118544292,0.094048751,0.241722646,0.324218271,0.27817888,0.410158454,0.478219609,0.314798315,0.220433247,0.121233367,0.110140183,0.332746453,0.455953561,0.328360336,0.463963778,0.491958282,0.184840752,0.733754732,0.374020925,0.172086757,0.122691404,0.289465937,0.096758723,0.089843386,0.082510295,0.138627042,1,0.751132037,0.503251445,0.492697133,0.59503412,0.432068563,0.440634382,0.867758519,0.307078428,0.486916152
0.176897786,0.368436839,0.190686977,0.178721313,0.341208296,0.07605756,0.065978584,0.126536836,0.264495898,0.334467623,0.377963912,0.513769613,0.491782518,0.449050885,0.070710364,0.07412873,0.088759682,0.093002861,0.145004051,0.150550899,0.484003948,0.271041021,0.15410151,0.109390164,0.134553329,0.203686672,0.125417467,0.210202705,0.269521462,0.420786946,0.426304794,0.337353623,0.171609942,0.324101175,0.213254937,0.183430827,0.254978974,0.268045432,0.351862875,0.410044916,0.257333235,0.82212393,0.75088283,0.335903119,0.170033496,0.207911369,0.135861948,0.135541516,0.081473069,0.075091099,0.751132037,1,0.551720842,0.574821623,0.49883336,0.28137374,0.285756158,0.825195259,0.555211927,0.526469533
0.448788817,0.442312246,0.581839129,0.506107602,0.497811616,0.271696456,0.27746666,0.433742451,0.309186684,0.182662809,0.128224243,0.307928625,0.087624257,0.08359965,0.425754743,0.325886028,0.130126128,0.165197899,0.106997512,0.145300902,0.135228496,0.096512112,0.187046639,0.625026427,0.592418001,0.378270503,0.231874111,0.149754696,0.122037097,0.170985536,0.190471845,0.134372116,0.20943473,0.410188449,0.468616337,0.244501941,0.211104868,0.195471969,0.257581074,0.259328187,0.163600544,0.310233063,0.608693616,0.741569697,0.454398888,0.244066647,0.270037363,0.175542311,0.285576192,0.340454484,0.503251445,0.551720842,1,0.762844757,0.514979463,0.543931749,0.274849826,0.621207435,0.208702714,0.270199143
0.398775026,0.45039779,0.407017655,0.455328336,0.521679861,0.186388824,0.243524586,0.373954884,0.394916491,0.323600476,0.264903463,0.424413389,0.189077964,0.14494564,0.219776018,0.166936607,0.129915591,0.103411111,0.079425897,0.073711589,0.228366087,0.087636613,0.105266216,0.341912066,0.31320488,0.241935561,0.18706561,0.151128803,0.133562126,0.182356632,0.184862462,0.127067698,0.080913868,0.295418095,0.321210817,0.213869513,0.201810445,0.204877935,0.19990265,0.197842132,0.169954362,0.430419686,0.573432427,0.555221559,0.383626478,0.280399829,0.328589703,0.259748697,0.305078474,0.397271619,0.492697133,0.574821623,0.762844757,1,0.804794294,0.673425805,0.365934315,0.661047267,0.418945448,0.610824054
0.52547219,0.635531439,0.444701434,0.54960585,0.655639797,0.34113447,0.391812092,0.494859615,0.632320144,0.583446434,0.505052076,0.644076641,0.314902342,0.188367896,0.081625551,0.123824888,0.315469217,0.177387647,0.168788065,0.104484756,0.37391777,0.103946419,0.06760608,0.178979794,0.126698677,0.151033045,0.223014477,0.240004976,0.176016094,0.227670912,0.230133844,0.129631734,0.126558008,0.138800674,0.153313286,0.22894917,0.266246976,0.205428185,0.237695048,0.2361255,0.141006114,0.430490973,0.309397527,0.233624288,0.176004699,0.221376064,0.204108419,0.216287425,0.313124776,0.48188421,0.59503412,0.49883336,0.514979463,0.804794294,1,0.861083955,0.706856646,0.716527647,0.445726064,0.845951506
0.642271372,0.633663552,0.608354954,0.673569389,0.698409858,0.487289272,0.557410275,0.652943913,0.625887187,0.469347217,0.3495489,0.505224052,0.154119618,0.101853126,0.157192877,0.169199844,0.392395945,0.14841408,0.10763357,0.099066676,0.217888465,0.104837111,0.149519944,0.331003588,0.229536341,0.217772679,0.242716198,0.19993391,0.138285676,0.141912623,0.160554767,0.127864195,0.275224073,0.178211022,0.221003397,0.252224572,0.248277351,0.197634126,0.190536639,0.180335367,0.225167715,0.198275732,0.211754778,0.293988263,0.241292209,0.221719787,0.295817517,0.336808897,0.576363782,0.731589033,0.432068563,0.28137374,0.543931749,0.673425805,0.861083955,1,0.775411182,0.517504404,0.214829387,0.582968527
