1,0.785515252,0.823317389,0.805433977,0.812628529,0.356187453,0.818923288,0.626979592,0.420132401,0.204387934,0.74946759,0.252614378,0.702818639,0.729499059,0.761507881,0.629946315,0.624618376,0.734670197,0.175316397,0.211475456,0.48869081,0.53793975,0.499097141,0.601219501,0.472056661,0.542399142,0.655089065,0.54562422,0.311740472,0.331543561,0.349498322,0.450282334,0.495602846,0.545869485,0.497516046,0.636974458,0.151404179,0.340024812,0.415158295,0.320959681,0.227877037,0.225410131,0.3727484,0.316918266,0.451357738,0.46100418,0.403338126,0.364029464,0.27700054,0.133343779,0.19234083,0.138193104,0.246950949,0.277748205,0.159969635,0.584120008,0.218122145,0.27503351,0.204582943,0.179282769
0.785515252,1,0.931244075,0.686439352,0.751397883,0.173003515,0.81755097,0.897706601,0.24810626,0.465430903,0.891062081,0.193967087,0.871901038,0.793196295,0.730898953,0.41570332,0.872159796,0.879097803,0.444608617,0.491480549,0.818463432,0.834028819,0.814867078,0.805051782,0.308676153,0.83713496,0.861741648,0.853226209,0.625544764,0.58205239,0.492147542,0.767893022,0.782000493,0.696441041,0.809301462,0.734854623,0.114954578,0.625776809,0.754393301,0.659344536,0.469554487,0.484000211,0.688533444,0.484115482,0.777295793,0.712984601,0.728775266,0.705416147,0.609575333,0.372102506,0.479708961,0.365279031,0.555367422,0.607616078,0.427438831,0.492572286,0.525516629,0.124979299,0.512631912,0.47112125
0.823317389,0.931244075,1,0.739118411,0.814854841,0.203370663,0.824217062,0.79847109,0.297538648,0.349890826,0.86715685,0.211593822,0.863395518,0.850372813,0.734461874,0.471433564,0.78866365,0.850584669,0.32072383,0.373704904,0.710851173,0.757195416,0.719320104,0.719718753,0.339487264,0.730802906,0.791385745,0.746800368,0.498769567,0.4797763,0.499019099,0.673420562,0.668963373,0.619807175,0.690888198,0.690831755,0.112929798,0.51983263,0.633413686,0.537191525,0.400432278,0.351563077,0.555434884,0.386209853,0.65367146,0.61614487,0.605626763,0.575024654,0.476232582,0.261262142,0.351696941,0.25200697,0.423258069,0.473100096,0.306780751,0.554870425,0.394650022,0.177041196,0.384179607,0.344998539
0.805433977,0.686439352,0.739118411,1,0.914452949,0.456839841,0.779822254,0.589489745,0.686074852,0.210872836,0.752953349,0.411847144,0.628111389,0.701004578,0.729705962,0.746517121,0.590235818,0.742197168,0.175368932,0.189825368,0.404269226,0.442346749,0.390711373,0.488675261,0.639505107,0.474724641,0.608643218,0.466689953,0.252890012,0.269979981,0.320770537,0.337988341,0.3987542,0.542769498,0.420203629,0.637099378,0.20320013,0.272572895,0.32741403,0.245090186,0.151377989,0.180825786,0.310799005,0.316189383,0.366103356,0.376584398,0.304815324,0.269800327,0.193327335,0.095657657,0.142079439,0.119903477,0.196648696,0.201905126,0.111650846,0.655913621,0.13590442,0.272213657,0.141040763,0.114103372
0.812628529,0.751397883,0.814854841,0.914452949,1,0.373875527,0.772871661,0.621318456,0.601259406,0.231775783,0.869647135,0.464214093,0.760030952,0.814523005,0.692086555,0.655942214,0.62005353,0.781810789,0.199861123,0.226278317,0.511901899,0.560253278,0.483767558,0.51416286,0.49856229,0.519373942,0.647625514,0.552718265,0.297919511,0.292311968,0.440870305,0.420396079,0.439648871,0.489130049,0.468865187,0.618233794,0.203389528,0.314063676,0.422326945,0.335909954,0.21688549,0.192881856,0.339390223,0.279188273,0.424481277,0.447931107,0.388532547,0.347195883,0.261666516,0.12768955,0.166995903,0.131927394,0.226436536,0.255014597,0.148247178,0.667297955,0.183881225,0.312421569,0.17723125,0.150522356
0.356187453,0.173003515,0.203370663,0.456839841,0.373875527,1,0.348526758,0.122954184,0.749134403,0.399746717,0.163945544,0.57047751,0.143875403,0.192879513,0.364069333,0.636560192,0.118749242,0.164438931,0.364405059,0.300580796,0.117190809,0.121697592,0.116664381,0.141332807,0.53289233,0.115360015,0.129223695,0.113783328,0.191707209,0.15519755,0.143095005,0.115573931,0.10619362,0.157378357,0.117516283,0.183317539,0.388075146,0.145461618,0.138588215,0.191727736,0.236811808,0.215596453,0.150790895,0.144110776,0.120207699,0.119132811,0.140285135,0.15704625,0.215841688,0.374177533,0.256790082,0.303819139,0.220830801,0.210761225,0.329203605,0.338135749,0.243554205,0.440304296,0.253863093,0.28160506
0.818923288,0.81755097,0.824217062,0.779822254,0.772871661,0.348526758,1,0.749913049,0.350201734,0.245909163,0.796084053,0.178371697,0.747321726,0.716682601,0.865138785,0.701581891,0.757208643,0.820121789,0.236811519,0.28934612,0.599753999,0.631287473,0.600530574,0.744109028,0.514545263,0.677430615,0.760050715,0.651161748,0.421586529,0.438094511,0.347792527,0.554365313,0.638510554,0.679684509,0.627757839,0.728119459,0.104738596,0.450001711,0.509651146,0.397930944,0.235710708,0.316551374,0.497040697,0.408712815,0.572510835,0.531888252,0.49228061,0.458161935,0.353443652,0.156500186,0.271782591,0.192677392,0.340454436,0.367845462,0.203946948,0.609807977,0.287889266,0.202204978,0.285759094,0.244671691
0.626979592,0.897706601,0.79847109,0.589489745,0.621318456,0.122954184,0.749913049,1,0.23699702,0.570306091,0.852637241,0.18098557,0.811881247,0.685895663,0.674789067,0.357738442,0.954171497,0.903847341,0.570795311,0.610694698,0.880068333,0.848216111,0.845331184,0.837010883,0.28980065,0.92963897,0.908074657,0.917302127,0.742860859,0.686640335,0.459160295,0.812520726,0.852152952,0.761913886,0.900678292,0.758781684,0.14606693,0.727407293,0.821920733,0.733089276,0.501907375,0.596339817,0.793886448,0.577879704,0.862483288,0.755617821,0.79713167,0.786869993,0.698630246,0.453127149,0.590077791,0.472043964,0.666371368,0.706606277,0.521569594,0.418053537,0.619642277,0.082408781,0.617241719,0.571031155
0.420132401,0.24810626,0.297538648,0.686074852,0.601259406,0.749134403,0.350201734,0.23699702,1,0.42312724,0.35039604,0.724462676,0.228265888,0.310179326,0.382609561,0.661594576,0.231283359,0.361192906,0.383583306,0.315013292,0.15448083,0.144956942,0.114261985,0.139333982,0.633334545,0.182623267,0.257879562,0.190624682,0.203332996,0.175637153,0.180093324,0.098615428,0.105738599,0.230384871,0.160453306,0.319736657,0.432920679,0.154479526,0.15576175,0.170485065,0.163788331,0.137529802,0.130454094,0.165282699,0.139121654,0.163900832,0.148575138,0.144984859,0.17010617,0.272453799,0.155650201,0.189670594,0.152530361,0.164899203,0.255028098,0.432638005,0.168643485,0.368261766,0.170363383,0.197681823
0.204387934,0.465430903,0.349890826,0.210872836,0.231775783,0.399746717,0.245909163,0.570306091,0.42312724,1,0.400418628,0.518724184,0.38659233,0.269037448,0.185289991,0.107652338,0.513840509,0.392592859,0.963190304,0.946439818,0.678341857,0.58484351,0.611132692,0.453909388,0.148489031,0.614887745,0.47477071,0.649467697,0.854906251,0.733918367,0.385127618,0.624063426,0.568794282,0.376749012,0.651269479,0.318234623,0.425906349,0.741343042,0.716463523,0.745794221,0.592789812,0.636849499,0.671634451,0.405661406,0.674531803,0.550721079,0.702323562,0.743712337,0.78035114,0.736882865,0.714845188,0.639449287,0.719257256,0.771118537,0.782365359,0.096146358,0.7684038,0.143390635,0.768309886,0.780848504
0.74946759,0.891062081,0.86715685,0.752953349,0.869647135,0.163945544,0.796084053,0.852637241,0.35039604,0.400418628,1,0.29200725,0.883097067,0.838526737,0.689982542,0.462128761,0.839648073,0.922087843,0.387344868,0.433548552,0.807396257,0.806715068,0.743740441,0.708645519,0.3541462,0.78191793,0.846111059,0.833960934,0.55878564,0.511863548,0.566795226,0.688015829,0.688647041,0.636908394,0.743042013,0.725932675,0.151458583,0.566290494,0.715329893,0.621393431,0.427566242,0.400951816,0.607362063,0.430455655,0.707649834,0.674784564,0.67173938,0.640213973,0.539343516,0.309779969,0.395677373,0.302981863,0.475920236,0.526214137,0.358099916,0.550470628,0.436491996,0.157554761,0.420396091,0.380287809
0.252614378,0.193967087,0.211593822,0.411847144,0.464214093,0.57047751,0.178371697,0.18098557,0.724462676,0.518724184,0.29200725,1,0.20977778,0.259242249,0.162621108,0.350006475,0.163208732,0.210906333,0.48845481,0.496032071,0.249388373,0.198344245,0.171057531,0.124131762,0.319218294,0.179172763,0.179991274,0.20572442,0.344410545,0.357621886,0.232935456,0.168133825,0.148764245,0.148342575,0.188866641,0.175311051,0.496979903,0.25579936,0.230869363,0.252044736,0.213395957,0.279756325,0.215366981,0.20262257,0.192597533,0.189616225,0.219842801,0.238052173,0.278141741,0.349125671,0.285324173,0.325048609,0.274058054,0.272063773,0.363179213,0.265684269,0.29008542,0.33986563,0.296218515,0.325996675
0.702818639,0.871901038,0.863395518,0.628111389,0.760030952,0.143875403,0.747321726,0.811881247,0.228265888,0.38659233,0.883097067,0.20977778,1,0.865962872,0.654671684,0.393516365,0.803092842,0.83658157,0.371394871,0.406501825,0.78495955,0.887177792,0.806936955,0.732353244,0.28334338,0.766703869,0.805669631,0.80923875,0.536217711,0.472260319,0.627956945,0.758685468,0.704086497,0.592851606,0.735921166,0.678645634,0.100856698,0.543583651,0.730678319,0.65579763,0.515786878,0.402785934,0.604951775,0.385270029,0.714446788,0.706292938,0.699690724,0.662114579,0.569166615,0.348528346,0.414580285,0.300150829,0.485772046,0.556225048,0.38544357,0.517445065,0.468867385,0.141814408,0.452613382,0.412148865
0.729499059,0.793196295,0.850372813,0.701004578,0.814523005,0.192879513,0.716682601,0.685895663,0.310179326,0.269037448,0.838526737,0.259242249,0.865962872,1,0.63989559,0.436613284,0.689972613,0.791540684,0.239897315,0.273214808,0.627318728,0.736658086,0.724627536,0.61459349,0.31426735,0.631738961,0.71617681,0.6733395,0.374177671,0.339398599,0.581995601,0.654493049,0.558903432,0.495219727,0.59176661,0.6278344,0.128228883,0.389238428,0.577090477,0.498765617,0.455339135,0.264938463,0.452904732,0.29691707,0.566488797,0.604310624,0.5547016,0.505767082,0.414473702,0.24069553,0.277320991,0.190814084,0.345623154,0.404781928,0.258767598,0.559866064,0.32558441,0.200395595,0.311326082,0.276669618
0.761507881,0.730898953,0.734461874,0.729705962,0.692086555,0.364069333,0.865138785,0.674789067,0.382609561,0.185289991,0.689982542,0.162621108,0.654671684,0.63989559,1,0.733029923,0.701700467,0.782104688,0.183697951,0.22758415,0.514822453,0.544349971,0.526448174,0.752889912,0.611804234,0.624026862,0.74728668,0.582855939,0.347072141,0.385651223,0.245673756,0.495474411,0.598373625,0.70506116,0.57497531,0.792813259,0.133959406,0.362165938,0.442373556,0.330213462,0.20441488,0.281247139,0.446092859,0.446967152,0.517698675,0.52408171,0.439078582,0.396148836,0.297147129,0.140426707,0.228947783,0.169515925,0.297987305,0.317864727,0.17390111,0.611441797,0.239719445,0.224542296,0.240599727,0.203967482
0.629946315,0.41570332,0.471433564,0.746517121,0.655942214,0.636560192,0.701581891,0.357738442,0.661594576,0.107652338,0.462128761,0.350006475,0.393516365,0.436613284,0.733029923,1,0.378089027,0.500427031,0.098577176,0.085743116,0.209102695,0.240801229,0.207790881,0.403618068,0.817969275,0.290064224,0.41871563,0.255497064,0.114816494,0.140779047,0.157599068,0.177476507,0.266024045,0.435908642,0.245585143,0.536030995,0.241153371,0.133088105,0.155218269,0.105535367,0.07417373,0.09788378,0.161442623,0.220509457,0.198060324,0.224934757,0.147937219,0.120876914,0.08248615,0.097812506,0.068303136,0.080414207,0.088508611,0.091224747,0.076138966,0.639460613,0.06338096,0.372606347,0.066268596,0.062016612
0.624618376,0.872159796,0.78866365,0.590235818,0.62005353,0.118749242,0.757208643,0.954171497,0.231283359,0.513840509,0.839648073,0.163208732,0.803092842,0.689972613,0.701700467,0.378089027,1,0.930556106,0.521270259,0.564891707,0.852893487,0.829148528,0.818345774,0.842321647,0.329217331,0.945464117,0.941290917,0.905191961,0.701893761,0.654156365,0.451839626,0.790600178,0.842822002,0.80420132,0.903050015,0.817199675,0.140281613,0.687666768,0.800290449,0.704702472,0.484345759,0.577832629,0.785236265,0.604209865,0.854546464,0.774196974,0.782101687,0.758949113,0.661449344,0.415143937,0.561039066,0.44944014,0.647641272,0.681158226,0.486562693,0.447879218,0.576505588,0.090191436,0.58385916,0.530383803
0.734670197,0.879097803,0.850584669,0.742197168,0.781810789,0.164438931,0.820121789,0.903847341,0.361192906,0.392592859,0.922087843,0.210906333,0.83658157,0.791540684,0.782104688,0.500427031,0.930556106,1,0.389203617,0.433754677,0.773937484,0.777734842,0.739235815,0.78208703,0.425579544,0.865820691,0.948166958,0.862091699,0.573994739,0.549361635,0.464454377,0.703054488,0.736655578,0.772414239,0.812514287,0.865736984,0.17007442,0.57927192,0.709494927,0.593114378,0.411176666,0.424904425,0.658233602,0.544773075,0.756607477,0.732204076,0.688333849,0.645016411,0.530122186,0.291352902,0.408018947,0.319346067,0.509721155,0.545051481,0.355971732,0.568290065,0.430100123,0.153211006,0.433510964,0.382346062
0.175316397,0.444608617,0.32072383,0.175368932,0.199861123,0.364405059,0.236811519,0.570795311,0.383583306,0.963190304,0.387344868,0.48845481,0.371394871,0.239897315,0.183697951,0.098577176,0.521270259,0.389203617,1,0.962736476,0.687191581,0.579071726,0.605918905,0.456729649,0.145566962,0.628995835,0.481876115,0.666127907,0.892962113,0.75147477,0.364217007,0.617460264,0.583472239,0.391833605,0.669872424,0.330207387,0.477330094,0.790180723,0.724156778,0.747873075,0.553374641,0.669041872,0.69388731,0.428717997,0.692886739,0.537506447,0.70307788,0.756088873,0.791118717,0.74003952,0.739864275,0.671133471,0.738595629,0.782518538,0.786458739,0.101843298,0.785371429,0.154431111,0.787420862,0.798592646
0.211475456,0.491480549,0.373704904,0.189825368,0.226278317,0.300580796,0.28934612,0.610694698,0.315013292,0.946439818,0.433548552,0.496032071,0.406501825,0.273214808,0.22758415,0.085743116,0.564891707,0.433754677,0.962736476,1,0.737886547,0.61156082,0.638559493,0.516584562,0.116101396,0.668059947,0.530048512,0.698694114,0.946860698,0.867659305,0.346887477,0.653526341,0.632558329,0.452399428,0.707746037,0.373008528,0.46636322,0.847644017,0.748119579,0.744393049,0.534190205,0.680340784,0.725186045,0.476693591,0.725458107,0.558555623,0.721587731,0.77539367,0.791384832,0.697333401,0.734887777,0.659564526,0.747995173,0.783369354,0.759892261,0.121973443,0.77731095,0.129428296,0.780126395,0.784915047
0.48869081,0.818463432,0.710851173,0.404269226,0.511901899,0.117190809,0.599753999,0.880068333,0.15448083,0.678341857,0.807396257,0.249388373,0.78495955,0.627318728,0.514822453,0.209102695,0.852893487,0.773937484,0.687191581,0.737886547,1,0.902064106,0.883533943,0.77058327,0.167511213,0.892397686,0.828307736,0.940498892,0.82974428,0.741919324,0.577884444,0.865980347,0.829959277,0.639994239,0.892999887,0.645814942,0.175828027,0.782170948,0.928809058,0.876452633,0.635343986,0.627777409,0.808677712,0.514568852,0.891387063,0.792678062,0.883452623,0.889841173,0.826655348,0.596922302,0.668122029,0.536183272,0.731907729,0.805015294,0.661624077,0.324677021,0.736442567,0.061919257,0.720035608,0.690677947
0.53793975,0.834028819,0.757195416,0.442346749,0.560253278,0.121697592,0.631287473,0.848216111,0.144956942,0.58484351,0.806715068,0.198344245,0.887177792,0.736658086,0.544349971,0.240801229,0.829148528,0.777734842,0.579071726,0.61156082,0.902064106,1,0.898914481,0.760380692,0.181482113,0.85194501,0.815098261,0.899469093,0.718749789,0.620160485,0.661575717,0.880222197,0.791062676,0.605005592,0.844440418,0.642899131,0.12846823,0.693429853,0.880854525,0.835290142,0.660556125,0.54977308,0.744858341,0.454987502,0.843264509,0.790510484,0.847231293,0.834248022,0.765524827,0.545496758,0.593330965,0.458936717,0.661040409,0.743973556,0.591414692,0.374136103,0.667996156,0.072233441,0.649176452,0.616086429
0.499097141,0.814867078,0.719320104,0.390711373,0.483767558,0.116664381,0.600530574,0.845331184,0.114261985,0.611132692,0.743740441,0.171057531,0.806936955,0.724627536,0.526448174,0.207790881,0.818345774,0.739235815,0.605918905,0.638559493,0.883533943,0.898914481,1,0.771398049,0.152953387,0.852189658,0.793278978,0.884825349,0.741645103,0.65333524,0.549332585,0.916012632,0.814283657,0.610518881,0.854180663,0.617350999,0.1183427,0.711579885,0.87070454,0.825782088,0.673218902,0.594870345,0.773896595,0.481746806,0.85561428,0.771343738,0.847344426,0.846189557,0.789094392,0.587309033,0.641059272,0.502948747,0.699484722,0.771970246,0.627331402,0.318684554,0.715892884,0.053592647,0.69419646,0.665773217
0.601219501,0.805051782,0.719718753,0.488675261,0.51416286,0.141332807,0.744109028,0.837010883,0.139333982,0.453909388,0.708645519,0.124131762,0.732353244,0.61459349,0.752889912,0.403618068,0.842321647,0.78208703,0.456729649,0.516584562,0.77058327,0.760380692,0.771398049,1,0.3232822,0.842850591,0.845813702,0.809405827,0.63852683,0.619014865,0.359896538,0.754305955,0.842799101,0.764096836,0.826930931,0.7655665,0.092211517,0.606390379,0.733978206,0.635363926,0.436722183,0.55792248,0.733673116,0.576987875,0.796474554,0.747731233,0.738608482,0.708895421,0.615364932,0.382811744,0.51998966,0.40320044,0.599298851,0.639979189,0.459486856,0.411916546,0.54669467,0.091832109,0.54661909,0.502117598
0.472056661,0.308676153,0.339487264,0.639505107,0.49856229,0.53289233,0.514545263,0.28980065,0.633334545,0.148489031,0.3541462,0.319218294,0.28334338,0.31426735,0.611804234,0.817969275,0.329217331,0.425579544,0.145566962,0.116101396,0.167511213,0.181482113,0.152953387,0.3232822,1,0.271376324,0.377859667,0.217001987,0.130548366,0.139091608,0.156149573,0.13301367,0.218935205,0.499125515,0.241532914,0.557391645,0.350278295,0.149438318,0.147261397,0.122300406,0.094573527,0.136269257,0.195671801,0.312306437,0.197091319,0.2193726,0.145445319,0.127877136,0.113587894,0.155618523,0.11655124,0.138102859,0.137073767,0.126248841,0.131975648,0.494508052,0.107373432,0.24172857,0.11121353,0.113258611
0.542399142,0.83713496,0.730802906,0.474724641,0.519373942,0.115360015,0.677430615,0.92963897,0.182623267,0.614887745,0.78191793,0.179172763,0.766703869,0.631738961,0.624026862,0.290064224,0.945464117,0.865820691,0.628995835,0.668059947,0.892397686,0.85194501,0.852189658,0.842850591,0.271376324,1,0.941376835,0.950468308,0.790337696,0.718706052,0.471621824,0.83840368,0.877698563,0.81294836,0.9823123,0.799681874,0.187898239,0.764116564,0.876437674,0.791105057,0.563911482,0.654396334,0.873125116,0.648966539,0.942451939,0.836377003,0.870945113,0.853802771,0.767277912,0.521945565,0.658489081,0.544247631,0.752964504,0.794219654,0.610680331,0.383390504,0.683205652,0.095650277,0.694772521,0.645424947
0.655089065,0.861741648,0.791385745,0.608643218,0.647625514,0.129223695,0.760050715,0.908074657,0.257879562,0.47477071,0.846111059,0.179991274,0.805669631,0.71617681,0.74728668,0.41871563,0.941290917,0.948166958,0.481876115,0.530048512,0.828307736,0.815098261,0.793278978,0.845813702,0.377859667,0.941376835,1,0.924028569,0.668355268,0.625045939,0.465322369,0.770422859,0.818696473,0.834997994,0.912632031,0.92031051,0.190122223,0.646061878,0.811605974,0.695411511,0.482044673,0.528685518,0.767783636,0.640399028,0.869164115,0.859009327,0.810533975,0.758693679,0.644184093,0.391031975,0.508849324,0.4135303,0.626971664,0.673046861,0.478485959,0.510478433,0.538400825,0.141455749,0.54633652,0.494827842
0.54562422,0.853226209,0.746800368,0.466689953,0.552718265,0.113783328,0.651161748,0.917302127,0.190624682,0.649467697,0.833960934,0.20572442,0.80923875,0.6733395,0.582855939,0.255497064,0.905191961,0.862091699,0.666127907,0.698694114,0.940498892,0.899469093,0.884825349,0.809405827,0.217001987,0.950468308,0.924028569,1,0.816403845,0.717553016,0.558557393,0.865530138,0.848286061,0.707252779,0.948631601,0.755721198,0.205924355,0.780758307,0.934989104,0.851302744,0.621107904,0.610882896,0.829868082,0.570501576,0.9393554,0.865497826,0.915977118,0.898044752,0.811168945,0.561414669,0.641455728,0.518901826,0.735200903,0.810441122,0.646023414,0.390420294,0.710774241,0.093016244,0.700278283,0.665071784
0.311740472,0.625544764,0.498769567,0.252890012,0.297919511,0.191707209,0.421586529,0.742860859,0.203332996,0.854906251,0.55878564,0.344410545,0.536217711,0.374177671,0.347072141,0.114816494,0.701893761,0.573994739,0.892962113,0.946860698,0.82974428,0.718749789,0.741645103,0.63852683,0.130548366,0.790337696,0.668355268,0.816403845,1,0.92491184,0.383622279,0.744753931,0.749709129,0.580804987,0.824986668,0.501137002,0.427264306,0.953579645,0.836717916,0.799445809,0.541124609,0.720307316,0.814731285,0.559445449,0.833809724,0.641252241,0.804036404,0.853024894,0.836281986,0.673618901,0.759477199,0.668549133,0.792476084,0.829104498,0.744773937,0.205628858,0.80161282,0.106943345,0.801034894,0.789936376
0.331543561,0.58205239,0.4797763,0.269979981,0.292311968,0.15519755,0.438094511,0.686640335,0.175637153,0.733918367,0.511863548,0.357621886,0.472260319,0.339398599,0.385651223,0.140779047,0.654156365,0.549361635,0.75147477,0.867659305,0.741919324,0.620160485,0.65333524,0.619014865,0.139091608,0.718706052,0.625045939,0.717553016,0.92491184,1,0.285644149,0.656695423,0.693845701,0.598244544,0.743149253,0.48906207,0.420631471,0.900916046,0.717903014,0.661432056,0.418932544,0.647325582,0.732528083,0.56849229,0.736478889,0.535604701,0.681041589,0.738406777,0.710748262,0.541648737,0.651741588,0.573506362,0.686532927,0.697651304,0.613450903,0.220224178,0.684507973,0.093064189,0.67876529,0.670299243
0.349498322,0.492147542,0.499019099,0.320770537,0.440870305,0.143095005,0.347792527,0.459160295,0.180093324,0.385127618,0.566795226,0.232935456,0.627956945,0.581995601,0.245673756,0.157599068,0.451839626,0.464454377,0.364217007,0.346887477,0.577884444,0.661575717,0.549332585,0.359896538,0.156149573,0.471621824,0.465322369,0.558557393,0.383622279,0.285644149,1,0.524092319,0.385512182,0.268542231,0.464655742,0.365713308,0.172079064,0.368494879,0.622111099,0.662521322,0.591951477,0.256423224,0.391785535,0.191379845,0.486528469,0.576701851,0.576808541,0.544240842,0.514790369,0.402110463,0.324391969,0.252747479,0.37631041,0.471913166,0.416523898,0.296541134,0.40179088,0.093298491,0.385493381,0.371158422
0.450282334,0.767893022,0.673420562,0.337988341,0.420396079,0.115573931,0.554365313,0.812520726,0.098615428,0.624063426,0.688015829,0.168133825,0.758685468,0.654493049,0.495474411,0.177476507,0.790600178,0.703054488,0.617460264,0.653526341,0.865980347,0.880222197,0.916012632,0.754305955,0.13301367,0.83840368,0.770422859,0.865530138,0.744753931,0.656695423,0.524092319,1,0.802998001,0.596023564,0.845555205,0.597447665,0.121264174,0.710523437,0.86646921,0.827340416,0.757943478,0.599469154,0.775581298,0.487985114,0.852331285,0.769915832,0.850250994,0.853387673,0.807493581,0.632759317,0.65719847,0.521732925,0.7166533,0.787997686,0.656770909,0.287572836,0.739419174,0.047354587,0.716979826,0.691855838
0.495602846,0.782000493,0.668963373,0.3987542,0.439648871,0.10619362,0.638510554,0.852152952,0.105738599,0.568794282,0.688647041,0.148764245,0.704086497,0.558903432,0.598373625,0.266024045,0.842822002,0.736655578,0.583472239,0.632558329,0.829959277,0.791062676,0.814283657,0.842799101,0.218935205,0.877698563,0.818696473,0.848286061,0.749709129,0.693845701,0.385512182,0.802998001,1,0.754716144,0.888458479,0.698308404,0.129913049,0.718259752,0.809574131,0.737742076,0.521194887,0.753193236,0.862566211,0.639892937,0.877603935,0.759645342,0.812604777,0.807501268,0.740009603,0.519879267,0.695703301,0.574577489,0.750622952,0.771766326,0.601169435,0.312607819,0.68459824,0.08724123,0.698574454,0.649704975
0.545869485,0.696441041,0.619807175,0.542769498,0.489130049,0.157378357,0.679684509,0.761913886,0.230384871,0.376749012,0.636908394,0.148342575,0.592851606,0.495219727,0.70506116,0.435908642,0.80420132,0.772414239,0.391833605,0.452399428,0.639994239,0.605005592,0.610518881,0.764096836,0.499125515,0.81294836,0.834997994,0.707252779,0.580804987,0.598244544,0.268542231,0.596023564,0.754716144,1,0.80778848,0.880202398,0.190869683,0.575307619,0.614374716,0.52906252,0.340954487,0.647008052,0.797762045,0.840306385,0.752835795,0.682576646,0.630242169,0.606601501,0.526022395,0.340568058,0.558742161,0.518342675,0.650719802,0.597591589,0.418056373,0.378860674,0.469845506,0.141614565,0.52559151,0.453432453
0.497516046,0.809301462,0.690888198,0.420203629,0.468865187,0.117516283,0.627757839,0.900678292,0.160453306,0.651269479,0.743042013,0.188866641,0.735921166,0.59176661,0.57497531,0.245585143,0.903050015,0.812514287,0.669872424,0.707746037,0.892999887,0.844440418,0.854180663,0.826930931,0.241532914,0.9823123,0.912632031,0.948631601,0.824986668,0.743149253,0.464655742,0.845555205,0.888458479,0.80778848,1,0.777230898,0.213489181,0.798160375,0.901001501,0.823933506,0.59393109,0.712552648,0.922252767,0.690096919,0.97854989,0.854482061,0.905905235,0.894315079,0.818785061,0.583895577,0.724966101,0.62008565,0.821755218,0.855679337,0.680251127,0.346424632,0.741773451,0.111874121,0.760406415,0.7111913
0.636974458,0.734854623,0.690831755,0.637099378,0.618233794,0.183317539,0.728119459,0.758781684,0.319736657,0.318234623,0.725932675,0.175311051,0.678645634,0.6278344,0.792813259,0.536030995,0.817199675,0.865736984,0.330207387,0.373008528,0.645814942,0.642899131,0.617350999,0.7655665,0.557391645,0.799681874,0.92031051,0.755721198,0.501137002,0.48906207,0.365713308,0.597447665,0.698308404,0.880202398,0.777230898,1,0.245940698,0.488358457,0.648074806,0.53419991,0.346942685,0.458463446,0.665015836,0.707197361,0.736500923,0.799039911,0.668049264,0.598849548,0.487861637,0.284778055,0.403701271,0.358713587,0.53057985,0.5437959,0.365566152,0.53757721,0.392295819,0.183547978,0.422431791,0.365444921
0.151404179,0.114954578,0.112929798,0.20320013,0.203389528,0.388075146,0.104738596,0.14606693,0.432920679,0.425906349,0.151458583,0.496979903,0.100856698,0.128228883,0.133959406,0.241153371,0.140281613,0.17007442,0.477330094,0.46636322,0.175828027,0.12846823,0.1183427,0.092211517,0.350278295,0.187898239,0.190122223,0.205924355,0.427264306,0.420631471,0.172079064,0.121264174,0.129913049,0.190869683,0.213489181,0.245940698,1,0.468506563,0.212757321,0.216064969,0.1326821,0.281166116,0.240458978,0.23912335,0.223234378,0.193626523,0.210005301,0.240256852,0.273795035,0.32920238,0.31932919,0.372289111,0.292061619,0.276356099,0.330352537,0.214795782,0.308250998,0.382161379,0.321228531,0.346148996
0.340024812,0.625776809,0.51983263,0.272572895,0.314063676,0.145461618,0.450001711,0.727407293,0.154479526,0.741343042,0.566290494,0.25579936,0.543583651,0.389238428,0.362165938,0.133088105,0.687666768,0.57927192,0.790180723,0.847644017,0.782170948,0.693429853,0.711579885,0.606390379,0.149438318,0.764116564,0.646061878,0.780758307,0.953579645,0.900916046,0.368494879,0.710523437,0.718259752,0.575307619,0.798160375,0.488358457,0.468506563,1,0.788634871,0.744112353,0.495237951,0.672189069,0.782499983,0.529487766,0.808228208,0.582504503,0.759537914,0.816290036,0.791148874,0.617272065,0.721081908,0.633389465,0.750060981,0.784901194,0.683240916,0.269792204,0.758301091,0.122571463,0.761148518,0.744237641
0.415158295,0.754393301,0.633413686,0.32741403,0.422326945,0.138588215,0.509651146,0.821920733,0.15576175,0.716463523,0.715329893,0.230869363,0.730678319,0.577090477,0.442373556,0.155218269,0.800290449,0.709494927,0.724156778,0.748119579,0.928809058,0.880854525,0.87070454,0.733978206,0.147261397,0.876437674,0.811605974,0.934989104,0.836717916,0.717903014,0.622111099,0.86646921,0.809574131,0.614374716,0.901001501,0.648074806,0.212757321,0.788634871,1,0.965303745,0.719960642,0.655069454,0.833925591,0.549468015,0.925801212,0.883045221,0.974253372,0.972677532,0.923015243,0.70786001,0.710598996,0.596799971,0.795902222,0.891812862,0.788197239,0.312887921,0.814334379,0.087408114,0.789306986,0.77528888
0.320959681,0.659344536,0.537191525,0.245090186,0.335909954,0.191727736,0.397930944,0.733089276,0.170485065,0.745794221,0.621393431,0.252044736,0.65579763,0.498765617,0.330213462,0.105535367,0.704702472,0.593114378,0.747873075,0.744393049,0.876452633,0.835290142,0.825782088,0.635363926,0.122300406,0.791105057,0.695411511,0.851302744,0.799445809,0.661432056,0.662521322,0.827340416,0.737742076,0.52906252,0.823933506,0.53419991,0.216064969,0.744112353,0.965303745,1,0.784817501,0.671925456,0.802930861,0.508172255,0.86118302,0.816850689,0.934292112,0.954108145,0.950297006,0.802629513,0.74752039,0.645533435,0.807441818,0.896782158,0.846106221,0.23376392,0.855787017,0.092219759,0.822438732,0.821543996
0.227877037,0.469554487,0.400432278,0.151377989,0.21688549,0.236811808,0.235710708,0.501907375,0.163788331,0.592789812,0.427566242,0.213395957,0.515786878,0.455339135,0.20441488,0.07417373,0.484345759,0.411176666,0.553374641,0.534190205,0.635343986,0.660556125,0.673218902,0.436722183,0.094573527,0.563911482,0.482044673,0.621107904,0.541124609,0.418932544,0.591951477,0.757943478,0.521194887,0.340954487,0.59393109,0.346942685,0.1326821,0.495237951,0.719960642,0.784817501,1,0.516531239,0.60450952,0.365127657,0.636418061,0.645583698,0.723740436,0.731551023,0.770521897,0.801552169,0.626507126,0.547379837,0.659293118,0.728853216,0.73739019,0.124595697,0.724728266,0.10103868,0.69154517,0.698145052
0.225410131,0.484000211,0.351563077,0.180825786,0.192881856,0.215596453,0.316551374,0.596339817,0.137529802,0.636849499,0.400951816,0.279756325,0.402785934,0.264938463,0.281247139,0.09788378,0.577832629,0.424904425,0.669041872,0.680340784,0.627777409,0.54977308,0.594870345,0.55792248,0.136269257,0.654396334,0.528685518,0.610882896,0.720307316,0.647325582,0.256423224,0.599469154,0.753193236,0.647008052,0.712552648,0.458463446,0.281166116,0.672189069,0.655069454,0.671925456,0.516531239,1,0.887862448,0.772984461,0.735804033,0.571718783,0.674549121,0.715352193,0.740060053,0.689849539,0.918882799,0.895478557,0.890386212,0.803528721,0.739786631,0.097620116,0.753407118,0.281450386,0.820851244,0.76958383
0.3727484,0.688533444,0.555434884,0.310799005,0.339390223,0.150790895,0.497040697,0.793886448,0.130454094,0.671634451,0.607362063,0.215366981,0.604951775,0.452904732,0.446092859,0.161442623,0.785236265,0.658233602,0.69388731,0.725186045,0.808677712,0.744858341,0.773896595,0.733673116,0.195671801,0.873125116,0.767783636,0.829868082,0.814731285,0.732528083,0.391785535,0.775581298,0.862566211,0.797762045,0.922252767,0.665015836,0.240458978,0.782499983,0.833925591,0.802930861,0.60450952,0.887862448,1,0.801161777,0.93371362,0.770280634,0.851904448,0.86711716,0.838721671,0.677864494,0.888503736,0.826358628,0.945256149,0.904630602,0.765301576,0.217551788,0.803347713,0.184450276,0.862736708,0.799909903
0.316918266,0.484115482,0.386209853,0.316189383,0.279188273,0.144110776,0.408712815,0.577879704,0.165282699,0.405661406,0.430455655,0.20262257,0.385270029,0.29691707,0.446967152,0.220509457,0.604209865,0.544773075,0.428717997,0.476693591,0.514568852,0.454987502,0.481746806,0.576987875,0.312306437,0.648966539,0.640399028,0.570501576,0.559445449,0.56849229,0.191379845,0.487985114,0.639892937,0.840306385,0.690096919,0.707197361,0.23912335,0.529487766,0.549468015,0.508172255,0.365127657,0.772984461,0.801161777,1,0.686729216,0.614214965,0.591122366,0.586697623,0.560599722,0.465438266,0.678392175,0.731651936,0.770846249,0.658092385,0.547435709,0.173654456,0.540317079,0.25399913,0.622186145,0.555744736
0.451357738,0.777295793,0.65367146,0.366103356,0.424481277,0.120207699,0.572510835,0.862483288,0.139121654,0.674531803,0.707649834,0.192597533,0.714446788,0.566488797,0.517698675,0.198060324,0.854546464,0.756607477,0.692886739,0.725458107,0.891387063,0.843264509,0.85561428,0.796474554,0.197091319,0.942451939,0.869164115,0.9393554,0.833809724,0.736478889,0.486528469,0.852331285,0.877603935,0.752835795,0.97854989,0.736500923,0.223234378,0.808228208,0.925801212,0.86118302,0.636418061,0.735804033,0.93371362,0.686729216,1,0.880173194,0.94458618,0.933809895,0.866882396,0.642094883,0.770494293,0.670994296,0.872518239,0.914725724,0.749653467,0.329110888,0.793555656,0.133441702,0.820480512,0.771952114
0.46100418,0.712984601,0.61614487,0.376584398,0.447931107,0.119132811,0.531888252,0.755617821,0.163900832,0.550721079,0.674784564,0.189616225,0.706292938,0.604310624,0.52408171,0.224934757,0.774196974,0.732204076,0.537506447,0.558555623,0.792678062,0.790510484,0.771343738,0.747731233,0.2193726,0.836377003,0.859009327,0.865497826,0.641252241,0.535604701,0.576701851,0.769915832,0.759645342,0.682576646,0.854482061,0.799039911,0.193626523,0.582504503,0.883045221,0.816850689,0.645583698,0.571718783,0.770280634,0.614214965,0.880173194,1,0.927651041,0.846088516,0.760249033,0.547302187,0.581353998,0.496956377,0.715133182,0.807305919,0.662514254,0.368042385,0.64058216,0.141181751,0.657759791,0.616441657
0.403338126,0.728775266,0.605626763,0.304815324,0.388532547,0.140285135,0.49228061,0.79713167,0.148575138,0.702323562,0.67173938,0.219842801,0.699690724,0.5547016,0.439078582,0.147937219,0.782101687,0.688333849,0.70307788,0.721587731,0.883452623,0.847231293,0.847344426,0.738608482,0.145445319,0.870945113,0.810533975,0.915977118,0.804036404,0.681041589,0.576808541,0.850250994,0.812604777,0.630242169,0.905905235,0.668049264,0.210005301,0.759537914,0.974253372,0.934292112,0.723740436,0.674549121,0.851904448,0.591122366,0.94458618,0.927651041,1,0.976081315,0.922816345,0.716691126,0.725004264,0.619535004,0.826089433,0.930052381,0.827559886,0.317398945,0.826330731,0.114533842,0.816670793,0.800400588
0.364029464,0.705416147,0.575024654,0.269800327,0.347195883,0.15704625,0.458161935,0.786869993,0.144984859,0.743712337,0.640213973,0.238052173,0.662114579,0.505767082,0.396148836,0.120876914,0.758949113,0.645016411,0.756088873,0.77539367,0.889841173,0.834248022,0.846189557,0.708895421,0.127877136,0.853802771,0.758693679,0.898044752,0.853024894,0.738406777,0.544240842,0.853387673,0.807501268,0.606601501,0.894315079,0.598849548,0.240256852,0.816290036,0.972677532,0.954108145,0.731551023,0.715352193,0.86711716,0.586697623,0.933809895,0.846088516,0.976081315,1,0.971443247,0.783589103,0.780126743,0.675848413,0.855979985,0.942718143,0.872093662,0.285958923,0.895682742,0.107675738,0.865385638,0.865227178
0.27700054,0.609575333,0.476232582,0.193327335,0.261666516,0.215841688,0.353443652,0.698630246,0.17010617,0.78035114,0.539343516,0.278141741,0.569166615,0.414473702,0.297147129,0.08248615,0.661449344,0.530122186,0.791118717,0.791384832,0.826655348,0.765524827,0.789094392,0.615364932,0.113587894,0.767277912,0.644184093,0.811168945,0.836281986,0.710748262,0.514790369,0.807493581,0.740009603,0.526022395,0.818785061,0.487861637,0.273795035,0.791148874,0.923015243,0.950297006,0.770521897,0.740060053,0.838721671,0.560599722,0.866882396,0.760249033,0.922816345,0.971443247,1,0.886605221,0.822696337,0.737305597,0.870765623,0.943294053,0.931096672,0.222850739,0.952604981,0.132338066,0.90346992,0.924417042
0.133343779,0.372102506,0.261262142,0.095657657,0.12768955,0.374177533,0.156500186,0.453127149,0.272453799,0.736882865,0.309779969,0.349125671,0.348528346,0.24069553,0.140426707,0.097812506,0.415143937,0.291352902,0.74003952,0.697333401,0.596922302,0.545496758,0.587309033,0.382811744,0.155618523,0.521945565,0.391031975,0.561414669,0.673618901,0.541648737,0.402110463,0.632759317,0.519879267,0.340568058,0.583895577,0.284778055,0.32920238,0.617272065,0.70786001,0.802629513,0.801552169,0.689849539,0.677864494,0.465438266,0.642094883,0.547302187,0.716691126,0.783589103,0.886605221,1,0.795589505,0.76934596,0.790815201,0.828076453,0.927330682,0.154689222,0.92535979,0.254350426,0.856799873,0.910275372
0.19234083,0.479708961,0.351696941,0.142079439,0.166995903,0.256790082,0.271782591,0.590077791,0.155650201,0.714845188,0.395677373,0.285324173,0.414580285,0.277320991,0.228947783,0.068303136,0.561039066,0.408018947,0.739864275,0.734887777,0.668122029,0.593330965,0.641059272,0.51998966,0.11655124,0.658489081,0.508849324,0.641455728,0.759477199,0.651741588,0.324391969,0.65719847,0.695703301,0.558742161,0.724966101,0.403701271,0.31932919,0.721081908,0.710598996,0.74752039,0.626507126,0.918882799,0.888503736,0.678392175,0.770494293,0.581353998,0.725004264,0.780126743,0.822696337,0.795589505,1,0.94338442,0.945607318,0.879165835,0.835835999,0.103013057,0.848146047,0.3193419,0.928015409,0.876020276
0.138193104,0.365279031,0.25200697,0.119903477,0.131927394,0.303819139,0.192677392,0.472043964,0.189670594,0.639449287,0.302981863,0.325048609,0.300150829,0.190814084,0.169515925,0.080414207,0.44944014,0.319346067,0.671133471,0.659564526,0.536183272,0.458936717,0.502948747,0.40320044,0.138102859,0.544247631,0.4135303,0.518901826,0.668549133,0.573506362,0.252747479,0.521732925,0.574577489,0.518342675,0.62008565,0.358713587,0.372289111,0.633389465,0.596799971,0.645533435,0.547379837,0.895478557,0.826358628,0.731651936,0.670994296,0.496956377,0.619535004,0.675848413,0.737305597,0.76934596,0.94338442,1,0.928770526,0.811554436,0.803539473,0.107078425,0.776076641,0.448631864,0.869683872,0.821947656
0.246950949,0.555367422,0.423258069,0.196648696,0.226436536,0.220830801,0.340454436,0.666371368,0.152530361,0.719257256,0.475920236,0.274058054,0.485772046,0.345623154,0.297987305,0.088508611,0.647641272,0.509721155,0.738595629,0.747995173,0.731907729,0.661040409,0.699484722,0.599298851,0.137073767,0.752964504,0.626971664,0.735200903,0.792476084,0.686532927,0.37631041,0.7166533,0.750622952,0.650719802,0.821755218,0.53057985,0.292061619,0.750060981,0.795902222,0.807441818,0.659293118,0.890386212,0.945256149,0.770846249,0.872518239,0.715133182,0.826089433,0.855979985,0.870765623,0.790815201,0.945607318,0.928770526,1,0.94813002,0.870246231,0.151282891,0.862985688,0.274200025,0.940792036,0.886972778
0.277748205,0.607616078,0.473100096,0.201905126,0.255014597,0.210761225,0.367845462,0.706606277,0.164899203,0.771118537,0.526214137,0.272063773,0.556225048,0.404781928,0.317864727,0.091224747,0.681158226,0.545051481,0.782518538,0.783369354,0.805015294,0.743973556,0.771970246,0.639979189,0.126248841,0.794219654,0.673046861,0.810441122,0.829104498,0.697651304,0.471913166,0.787997686,0.771766326,0.597591589,0.855679337,0.5437959,0.276356099,0.784901194,0.891812862,0.896782158,0.728853216,0.803528721,0.904630602,0.658092385,0.914725724,0.807305919,0.930052381,0.942718143,0.943294053,0.828076453,0.879165835,0.811554436,0.94813002,1,0.927589111,0.205911972,0.912093446,0.195541833,0.955600931,0.926848649
0.159969635,0.427438831,0.306780751,0.111650846,0.148247178,0.329203605,0.203946948,0.521569594,0.255028098,0.782365359,0.358099916,0.363179213,0.38544357,0.258767598,0.17390111,0.076138966,0.486562693,0.355971732,0.786458739,0.759892261,0.661624077,0.591414692,0.627331402,0.459486856,0.131975648,0.610680331,0.478485959,0.646023414,0.744773937,0.613450903,0.416523898,0.656770909,0.601169435,0.418056373,0.680251127,0.365566152,0.330352537,0.683240916,0.788197239,0.846106221,0.73739019,0.739786631,0.765301576,0.547435709,0.749653467,0.662514254,0.827559886,0.872093662,0.931096672,0.927330682,0.835835999,0.803539473,0.870246231,0.927589111,1,0.172692609,0.934855609,0.247700077,0.922618077,0.956202154
0.584120008,0.492572286,0.554870425,0.655913621,0.667297955,0.338135749,0.609807977,0.418053537,0.432638005,0.096146358,0.550470628,0.265684269,0.517445065,0.559866064,0.611441797,0.639460613,0.447879218,0.568290065,0.101843298,0.121973443,0.324677021,0.374136103,0.318684554,0.411916546,0.494508052,0.383390504,0.510478433,0.390420294,0.205628858,0.220224178,0.296541134,0.287572836,0.312607819,0.378860674,0.346424632,0.53757721,0.214795782,0.269792204,0.312887921,0.23376392,0.124595697,0.097620116,0.217551788,0.173654456,0.329110888,0.368042385,0.317398945,0.285958923,0.222850739,0.154689222,0.103013057,0.107078425,0.151282891,0.205911972,0.172692609,1,0.186935134,0.561041337,0.157120536,0.170111623
