1,0.968933364,0.942154262,0.938992736,0.90229575,0.915009168,0.893640425,0.896528073,0.892124204,0.875637039,0.853205534,0.832785145,0.829100877,0.832551924,0.83597324,0.846460607,0.860102617,0.837225371,0.806231381,0.766023107,0.741949008,0.736953962,0.712463885,0.586197548,0.705775742,0.765550706,0.757560896,0.718138066,0.662560067,0.628245808,0.626315491,0.615593434,0.089223506,0.198159741,0.593184331,0.631640004,0.611881092,0.532378011,0.487478677,0.411183833,0.388745203,0.366008477,0.117814623,0.256718735,0.385155596,0.436903233,0.366211686,0.33617227,0.282878511,0.150851071,0.441299378,0.229564857,0.071473838,0.188084474,0.157088534,0.114962609,0.090745976,0.189155949,0.056716834,0.075578891
0.968933364,1,0.977735543,0.944154454,0.950065664,0.889895542,0.880959865,0.911121675,0.919366007,0.913406356,0.899323643,0.885471434,0.881460888,0.883167355,0.810611682,0.839128052,0.870621691,0.865196517,0.847252977,0.819060456,0.803537345,0.804063006,0.783280855,0.555041123,0.695073573,0.778711121,0.789702064,0.762874936,0.720752113,0.69540509,0.699126423,0.687772689,0.105744706,0.186367506,0.610585484,0.670954651,0.661950796,0.593590794,0.556403529,0.483210712,0.461304464,0.406740941,0.126147787,0.269584607,0.419432502,0.485670486,0.42395708,0.400320086,0.347514804,0.191966679,0.469745001,0.23361938,0.066480889,0.221894895,0.203431025,0.153521412,0.088749115,0.186921163,0.066111165,0.102973468
0.942154262,0.977735543,1,0.926666483,0.949376966,0.867663435,0.867846004,0.892928794,0.905331788,0.905139511,0.896170259,0.884534994,0.896175718,0.908508127,0.800810255,0.824837454,0.855671122,0.856021909,0.844751776,0.824028124,0.812812082,0.814390758,0.805438473,0.545784227,0.685302177,0.770729277,0.786307386,0.767638348,0.732075896,0.712079491,0.718042618,0.706055281,0.098614109,0.181243448,0.609296152,0.675643343,0.670940292,0.6089538,0.576949444,0.504670549,0.479946022,0.402560706,0.116497308,0.269912829,0.425372358,0.496672387,0.441132939,0.421047417,0.368916466,0.204880682,0.462451354,0.220902286,0.057856213,0.232589765,0.222811378,0.169699851,0.088544564,0.173002557,0.07088868,0.119688482
0.938992736,0.944154454,0.926666483,1,0.934030519,0.945578916,0.955172096,0.952421651,0.953853531,0.941464729,0.921168807,0.898973347,0.886489549,0.87343798,0.85686304,0.900276655,0.928435822,0.918717053,0.89288736,0.855721915,0.826529794,0.807203148,0.773347775,0.622221292,0.76871461,0.845345637,0.849810956,0.818427936,0.76419513,0.725458388,0.710837781,0.690894001,0.096853244,0.236437805,0.681848011,0.73122648,0.715679375,0.639286173,0.588856654,0.501215879,0.463623946,0.38677679,0.116460209,0.327693567,0.480250318,0.541714495,0.468471133,0.431747304,0.364566401,0.193738751,0.450882091,0.21621322,0.07132156,0.259933152,0.224365007,0.165045105,0.104540792,0.171927684,0.079727933,0.106707355
0.90229575,0.950065664,0.949376966,0.934030519,1,0.865252493,0.875337176,0.935176753,0.958866339,0.969858356,0.971797598,0.968980158,0.952417991,0.934223398,0.802320734,0.856758251,0.906835186,0.926205925,0.927520275,0.918055068,0.91111093,0.904488579,0.872405847,0.567398958,0.732121216,0.836558053,0.868374485,0.856585991,0.835310382,0.818986163,0.81443759,0.789327068,0.106994146,0.215225096,0.689010514,0.768381196,0.771772717,0.721552785,0.690153008,0.609224684,0.567832319,0.424131151,0.1192414,0.342537648,0.521950034,0.604995597,0.553056141,0.530935445,0.465797637,0.262357271,0.473810327,0.214209068,0.067817649,0.31335865,0.304232934,0.235623856,0.114412546,0.164405939,0.102983706,0.157713486
0.915009168,0.889895542,0.867663435,0.945578916,0.865252493,1,0.960405352,0.927795368,0.905852754,0.880879578,0.855829177,0.831625818,0.818843631,0.803909402,0.915463758,0.930187382,0.924695077,0.88444192,0.840046534,0.792647452,0.75668255,0.730063877,0.690071952,0.708649426,0.822983511,0.853902179,0.825366329,0.772470181,0.705112153,0.655579562,0.62983294,0.60644401,0.088090274,0.295255273,0.696013499,0.707682204,0.674200844,0.582743862,0.520149384,0.426001223,0.383793688,0.318247394,0.104042883,0.348935507,0.471695936,0.509635847,0.419505654,0.369944131,0.299151997,0.156224725,0.391367451,0.192863532,0.07977604,0.241507068,0.183019734,0.13212301,0.126547145,0.158605899,0.078767552,0.08338424
0.893640425,0.880959865,0.867846004,0.955172096,0.875337176,0.960405352,1,0.94233125,0.923541429,0.900234352,0.876578295,0.851860014,0.842199966,0.82746777,0.885967835,0.929262623,0.930693209,0.904190839,0.86540523,0.821646824,0.785632527,0.757065149,0.720854361,0.679009223,0.811575308,0.858676261,0.844631235,0.803738137,0.738178648,0.689742156,0.663893942,0.639808821,0.098689283,0.287359334,0.705811567,0.731827681,0.705101239,0.61880701,0.557737817,0.463074127,0.417616688,0.348886787,0.114709325,0.362600121,0.497162087,0.542044205,0.456944604,0.408220528,0.334867158,0.176533569,0.409484085,0.198823488,0.084116568,0.269638859,0.213422098,0.154122156,0.122499355,0.159209739,0.090241088,0.099902757
0.896528073,0.911121675,0.892928794,0.952421651,0.935176753,0.927795368,0.94233125,1,0.987368533,0.966911308,0.946992813,0.927289146,0.890133765,0.858170422,0.87464828,0.932184332,0.97335967,0.964667988,0.934886037,0.896463383,0.863801857,0.836330464,0.786172694,0.664404386,0.821084442,0.898145736,0.901831442,0.861127605,0.812435964,0.770001212,0.74403359,0.710729664,0.095329418,0.283733937,0.743699296,0.788010806,0.769338541,0.693746617,0.639138696,0.5420712,0.491041303,0.369857313,0.113985274,0.386213169,0.541141104,0.601196589,0.525083769,0.482007667,0.404024273,0.213001698,0.430324642,0.201250174,0.082290176,0.307798638,0.265749452,0.195583312,0.119745196,0.157652672,0.103755245,0.12692815
0.892124204,0.919366007,0.905331788,0.953853531,0.958866339,0.905852754,0.923541429,0.987368533,1,0.992115674,0.977895339,0.959119842,0.919355552,0.883388741,0.850957375,0.914923669,0.96861643,0.979446367,0.964828758,0.934275112,0.903245454,0.873391696,0.824224934,0.638897314,0.806059991,0.899825014,0.920301205,0.892789429,0.852648706,0.813455692,0.787407541,0.751391153,0.098700762,0.273723856,0.753060451,0.813542158,0.803117765,0.735365725,0.684240626,0.587006324,0.533082927,0.388307709,0.11499305,0.397165009,0.566137657,0.635155457,0.565875736,0.525624377,0.446106501,0.237013397,0.439774649,0.198876703,0.080678297,0.335616788,0.300891893,0.223360202,0.118400589,0.151778998,0.115682556,0.14890906
0.875637039,0.913406356,0.905139511,0.941464729,0.969858356,0.880879578,0.900234352,0.966911308,0.992115674,1,0.993880046,0.979436312,0.940518607,0.900698814,0.826283249,0.894818556,0.952950487,0.977792624,0.978193868,0.958959534,0.933194364,0.90255538,0.854278937,0.616909577,0.789688959,0.894010535,0.926825407,0.912348393,0.882776507,0.84980598,0.824148195,0.785966095,0.09814027,0.264524002,0.757086589,0.830049747,0.828093217,0.770633505,0.725115621,0.629093741,0.571847284,0.397271305,0.111716408,0.405737096,0.586759064,0.664403573,0.603006283,0.566958339,0.486857961,0.262528007,0.443912049,0.193746965,0.078279351,0.360757204,0.334781883,0.252226272,0.122027066,0.145825537,0.127139408,0.170160906
0.853205534,0.899323643,0.896170259,0.921168807,0.971797598,0.855829177,0.876578295,0.946992813,0.977895339,0.993880046,1,0.992643213,0.954698869,0.909899293,0.805224778,0.877777017,0.937374525,0.969992285,0.980075596,0.974411513,0.957462346,0.927137458,0.876304037,0.605128325,0.779897818,0.889386959,0.929858888,0.925145916,0.90658762,0.880363839,0.854043628,0.811426812,0.095155277,0.264754554,0.765285155,0.845491738,0.849395651,0.800714794,0.759905149,0.664013826,0.601887729,0.394278546,0.105021101,0.421936777,0.611342224,0.693364991,0.637481817,0.603338829,0.52196454,0.285224474,0.434584655,0.181086958,0.077826962,0.38995246,0.367770111,0.279927064,0.129763754,0.133871496,0.142693487,0.191317385
0.832785145,0.885471434,0.884534994,0.898973347,0.968980158,0.831625818,0.851860014,0.927289146,0.959119842,0.979436312,0.992643213,1,0.965090876,0.917421316,0.783666757,0.857683406,0.918179232,0.954368533,0.968620732,0.975076782,0.973705399,0.952444066,0.897403948,0.585069232,0.760514615,0.875092383,0.921006822,0.921786615,0.915279032,0.901583529,0.88000551,0.835826721,0.095715672,0.255309896,0.756470929,0.843552239,0.853638361,0.815806911,0.784525907,0.692469957,0.629506837,0.398205258,0.104583485,0.419879728,0.615269726,0.70296417,0.654652196,0.627705803,0.549423776,0.309396764,0.437381568,0.180422845,0.077401038,0.400089553,0.387003063,0.301139914,0.139289838,0.134005046,0.146957941,0.203534293
0.829100877,0.881460888,0.896175718,0.886489549,0.952417991,0.818843631,0.842199966,0.890133765,0.919355552,0.940518607,0.954698869,0.965090876,1,0.955852651,0.760471581,0.827814221,0.882297398,0.915370029,0.928510131,0.93811203,0.945613741,0.939895658,0.910897094,0.547376938,0.720350235,0.839835475,0.8862981,0.893680547,0.886851135,0.882494489,0.878707518,0.848608501,0.095362669,0.219169994,0.719287883,0.812383084,0.826824423,0.794471678,0.772387165,0.694054385,0.641841839,0.412965562,0.098689348,0.382329569,0.583474313,0.677127412,0.63672685,0.619520754,0.552249642,0.320537321,0.452412053,0.182301027,0.060700463,0.37879394,0.379862263,0.301860797,0.136048872,0.13542592,0.131581457,0.203573361
0.832551924,0.883167355,0.908508127,0.87343798,0.934223398,0.803909402,0.82746777,0.858170422,0.883388741,0.900698814,0.909899293,0.917421316,0.955852651,1,0.737507578,0.792664612,0.839997042,0.867651241,0.878214571,0.881837902,0.889852856,0.903977876,0.914133925,0.498645619,0.667451629,0.784125941,0.828608178,0.835231762,0.826329447,0.82639136,0.842722161,0.838431271,0.111893736,0.173455075,0.65160591,0.749857421,0.766965187,0.734885364,0.718107898,0.65582395,0.625074243,0.454212893,0.114318152,0.320265048,0.517648824,0.614572537,0.57950046,0.570136403,0.515671068,0.308267221,0.492710928,0.209422814,0.053298033,0.329551823,0.341431549,0.274980184,0.124482748,0.158134185,0.10722685,0.189615903
0.83597324,0.810611682,0.800810255,0.85686304,0.802320734,0.915463758,0.885967835,0.87464828,0.850957375,0.826283249,0.805224778,0.783666757,0.760471581,0.737507578,1,0.923016507,0.887531557,0.841828172,0.797744133,0.754540114,0.717829147,0.68176769,0.63466246,0.794144434,0.869088483,0.851800706,0.802489688,0.738309362,0.677921971,0.625686719,0.58607466,0.546874548,0.08934781,0.3870298,0.729936846,0.708563316,0.662214428,0.568321662,0.500056538,0.39495717,0.335754465,0.229592389,0.083675881,0.407103108,0.50058878,0.517623728,0.419856322,0.358585309,0.278853554,0.144739018,0.294343177,0.135989006,0.084233591,0.263996701,0.188070043,0.13288397,0.151906361,0.109773086,0.09849184,0.090037294
0.846460607,0.839128052,0.824837454,0.900276655,0.856758251,0.930187382,0.929262623,0.932184332,0.914923669,0.894818556,0.877777017,0.857683406,0.827814221,0.792664612,0.923016507,1,0.951555637,0.921190137,0.881811916,0.842764706,0.804770255,0.763358655,0.707916353,0.797498127,0.917567539,0.928574732,0.895634641,0.836317002,0.777938353,0.721389984,0.677171259,0.633334347,0.101339217,0.404579151,0.814186611,0.809334333,0.766552601,0.67294107,0.598156098,0.485851492,0.416988135,0.279667737,0.101532122,0.475044052,0.595351828,0.621379323,0.519459023,0.450367945,0.357542604,0.177041151,0.330731116,0.147972734,0.098000044,0.337706719,0.251194682,0.174879069,0.147487231,0.113649626,0.124847881,0.116845482
0.860102617,0.870621691,0.855671122,0.928435822,0.906835186,0.924695077,0.930693209,0.97335967,0.96861643,0.952950487,0.937374525,0.918179232,0.882297398,0.839997042,0.887531557,0.951555637,1,0.98185097,0.94693101,0.910105382,0.872398247,0.831730965,0.770614605,0.721214536,0.886208903,0.959133002,0.951465735,0.901138624,0.846648579,0.792643749,0.751482888,0.706985692,0.099554832,0.358157667,0.82567201,0.853522234,0.823326941,0.737560455,0.668319454,0.558021655,0.491911264,0.340002218,0.115627833,0.467402567,0.617109162,0.663950041,0.573151986,0.513521875,0.421613216,0.215809528,0.389663303,0.177301586,0.097603185,0.360081487,0.293048101,0.211007432,0.135263198,0.134105787,0.127860121,0.137746142
0.837225371,0.865196517,0.856021909,0.918717053,0.926205925,0.88444192,0.904190839,0.964667988,0.979446367,0.977792624,0.969992285,0.954368533,0.915370029,0.867651241,0.841828172,0.921190137,0.98185097,1,0.986946696,0.960969924,0.925377002,0.8820095,0.823395361,0.670173564,0.846629188,0.947111997,0.972715651,0.948616288,0.906328249,0.856862235,0.81423745,0.766627859,0.095143304,0.326640618,0.825790708,0.884644036,0.872365622,0.801543354,0.73922713,0.629772262,0.55884562,0.364010377,0.111129765,0.476220634,0.651800741,0.716023035,0.638370399,0.584946874,0.491492089,0.258970019,0.40570668,0.174080318,0.095956707,0.405494209,0.352369019,0.260382559,0.137256936,0.128725859,0.149275474,0.174390642
0.806231381,0.847252977,0.844751776,0.89288736,0.927520275,0.840046534,0.86540523,0.934886037,0.964828758,0.978193868,0.980075596,0.968620732,0.928510131,0.878214571,0.797744133,0.881811916,0.94693101,0.986946696,1,0.986707723,0.954736496,0.909926278,0.856840278,0.625704297,0.806038013,0.919078621,0.965808287,0.966535567,0.939413704,0.896923942,0.854497743,0.805306047,0.09116302,0.299783008,0.812360096,0.892445766,0.895576531,0.84133623,0.787778434,0.682170953,0.608360286,0.375668076,0.101938818,0.476990906,0.670173926,0.748002782,0.684948142,0.638296841,0.545638744,0.293306209,0.409070632,0.164069461,0.091749841,0.441162737,0.403044285,0.303211921,0.140722511,0.118729993,0.171050356,0.210591033
0.766023107,0.819060456,0.824028124,0.855721915,0.918055068,0.792647452,0.821646824,0.896463383,0.934275112,0.958959534,0.974411513,0.975076782,0.93811203,0.881837902,0.754540114,0.842764706,0.910105382,0.960969924,0.986707723,1,0.985066435,0.941886217,0.886780722,0.593059214,0.774310259,0.89541562,0.955523178,0.973180454,0.970913934,0.944487925,0.901196321,0.843759636,0.088949325,0.293539453,0.809594894,0.904817021,0.920309566,0.886774841,0.846059959,0.742356321,0.660428025,0.371115117,0.096138092,0.49540759,0.701189743,0.788188568,0.740531849,0.701534615,0.609606613,0.339002426,0.393072644,0.148318696,0.097448278,0.490674019,0.466492763,0.360235381,0.158863746,0.104010716,0.204295016,0.257744753
0.741949008,0.803537345,0.812812082,0.826529794,0.91111093,0.75668255,0.785632527,0.863801857,0.903245454,0.933194364,0.957462346,0.973705399,0.945613741,0.889852856,0.717829147,0.804770255,0.872398247,0.925377002,0.954736496,0.985066435,1,0.974100907,0.916544272,0.549067822,0.73037721,0.858485881,0.923778498,0.946643401,0.967499544,0.969307749,0.940440619,0.882274805,0.091799958,0.264499154,0.776350011,0.882512021,0.908000325,0.89705235,0.87878645,0.787337125,0.707516362,0.383874672,0.095806713,0.471731075,0.686044325,0.784856907,0.755989921,0.735402362,0.654047784,0.381841017,0.403888271,0.151602275,0.091792002,0.493180584,0.494966949,0.396377572,0.17513534,0.107088622,0.205552989,0.280517496
0.736953962,0.804063006,0.814390758,0.807203148,0.904488579,0.730063877,0.757065149,0.836330464,0.873391696,0.90255538,0.927137458,0.952444066,0.939895658,0.903977876,0.68176769,0.763358655,0.831730965,0.8820095,0.909926278,0.941886217,0.974100907,1,0.945942735,0.480544447,0.664611549,0.80236116,0.870770224,0.892932018,0.922630799,0.946166107,0.957561056,0.924027124,0.114884,0.201149769,0.702144735,0.821563791,0.855941864,0.860083528,0.864361257,0.803305298,0.750802905,0.442284844,0.112170325,0.39310226,0.613829857,0.728071603,0.718843525,0.724583427,0.666929025,0.419950947,0.463500742,0.186353349,0.073111895,0.438813552,0.479031948,0.403083775,0.183331987,0.135604818,0.168604098,0.276430579
0.712463885,0.783280855,0.805438473,0.773347775,0.872405847,0.690071952,0.720854361,0.786172694,0.824224934,0.854278937,0.876304037,0.897403948,0.910897094,0.914133925,0.63466246,0.707916353,0.770614605,0.823395361,0.856840278,0.886780722,0.916544272,0.945942735,1,0.415453423,0.595648024,0.733542468,0.805448399,0.83469208,0.868733286,0.898125507,0.931099766,0.932788354,0.144128129,0.153006282,0.629124235,0.760624203,0.803812251,0.817845322,0.833388366,0.796657731,0.765082519,0.495262488,0.127897851,0.333807611,0.556275537,0.681937122,0.690566723,0.710815746,0.669859871,0.438095454,0.502725182,0.20552733,0.061032688,0.411321171,0.483441787,0.416949668,0.188121365,0.146827818,0.160116562,0.302713578
0.586197548,0.555041123,0.545784227,0.622221292,0.567398958,0.708649426,0.679009223,0.664404386,0.638897314,0.616909577,0.605128325,0.585069232,0.547376938,0.498645619,0.794144434,0.797498127,0.721214536,0.670173564,0.625704297,0.593059214,0.549067822,0.480544447,0.415453423,1,0.906095645,0.77720993,0.689825682,0.616875516,0.557702196,0.487384738,0.407082667,0.342664764,0.273618328,0.710249774,0.787576481,0.67110318,0.590598656,0.48504499,0.3932753,0.277439496,0.201692868,0.108662306,0.191314907,0.621380212,0.596364712,0.5287542,0.396516217,0.296071638,0.209246416,0.160101058,0.098756964,0.088644608,0.201331045,0.352316754,0.192358726,0.147098037,0.287044488,0.074202473,0.184958038,0.113909303
0.705775742,0.695073573,0.685302177,0.76871461,0.732121216,0.822983511,0.811575308,0.821084442,0.806059991,0.789688959,0.779897818,0.760514615,0.720350235,0.667451629,0.869088483,0.917567539,0.886208903,0.846629188,0.806038013,0.774310259,0.73037721,0.664611549,0.595648024,0.906095645,1,0.944510858,0.872907588,0.79870475,0.742266457,0.670045065,0.595792886,0.527740461,0.170907887,0.630197615,0.921399059,0.847246188,0.775309201,0.668904728,0.569077831,0.436592025,0.341260017,0.191703135,0.156438091,0.666062772,0.718677377,0.688142222,0.556687419,0.447975757,0.332288667,0.164690285,0.20159002,0.10948829,0.184355715,0.445343996,0.284295121,0.188984751,0.207581799,0.081451343,0.21025263,0.142065396
0.765550706,0.778711121,0.770729277,0.845345637,0.836558053,0.853902179,0.858676261,0.898145736,0.899825014,0.894010535,0.889386959,0.875092383,0.839835475,0.784125941,0.851800706,0.928574732,0.959133002,0.947111997,0.919078621,0.89541562,0.858485881,0.80236116,0.733542468,0.77720993,0.944510858,1,0.974124468,0.91856729,0.871447358,0.808650088,0.74890928,0.68653766,0.115721928,0.48511583,0.93637085,0.933036664,0.887789108,0.797624303,0.710338772,0.585247396,0.491847142,0.292216743,0.134032371,0.617583784,0.748573639,0.769574276,0.662602479,0.574987012,0.460099103,0.223440416,0.317182285,0.145182116,0.1478144,0.474324561,0.361763604,0.251582534,0.159398063,0.103187094,0.197427392,0.173652905
0.757560896,0.789702064,0.786307386,0.849810956,0.868374485,0.825366329,0.844631235,0.901831442,0.920301205,0.926825407,0.929858888,0.921006822,0.8862981,0.828608178,0.802489688,0.895634641,0.951465735,0.972715651,0.965808287,0.955523178,0.923778498,0.870770224,0.805448399,0.689825682,0.872907588,0.974124468,1,0.977383107,0.944036577,0.888003764,0.831085025,0.770213423,0.098521554,0.39855464,0.90527365,0.958300542,0.942394551,0.87146008,0.795786863,0.676326773,0.584583501,0.331827262,0.119436665,0.587167248,0.763307166,0.816265619,0.730758186,0.658156801,0.54767366,0.282852741,0.35554547,0.150301112,0.13516437,0.509870602,0.428106939,0.312514823,0.155944292,0.106028,0.210805985,0.215729319
0.718138066,0.762874936,0.767638348,0.818427936,0.856585991,0.772470181,0.803738137,0.861127605,0.892789429,0.912348393,0.925145916,0.921786615,0.893680547,0.835231762,0.738309362,0.836317002,0.901138624,0.948616288,0.966535567,0.973180454,0.946643401,0.892932018,0.83469208,0.616875516,0.79870475,0.91856729,0.977383107,1,0.976572083,0.926368468,0.868399519,0.806787252,0.08621547,0.342816922,0.86166879,0.948665187,0.957959571,0.906424178,0.841914941,0.7279913,0.636387128,0.337252474,0.098217856,0.56649132,0.767844598,0.838930483,0.771974492,0.7097091,0.605137561,0.327639413,0.351320727,0.131605645,0.125217965,0.546217369,0.483637217,0.364720105,0.165419643,0.090781855,0.235525285,0.261103568
0.662560067,0.720752113,0.732075896,0.76419513,0.835310382,0.705112153,0.738178648,0.812435964,0.852648706,0.882776507,0.90658762,0.915279032,0.886851135,0.826329447,0.677921971,0.777938353,0.846648579,0.906328249,0.939413704,0.970913934,0.967499544,0.922630799,0.868733286,0.557702196,0.742266457,0.871447358,0.944036577,0.976572083,1,0.978571279,0.927469826,0.859943449,0.087785033,0.3147829,0.832991675,0.941969115,0.971033824,0.96056011,0.921984262,0.818749795,0.717963648,0.348280392,0.099005051,0.565178724,0.78343431,0.876630084,0.844575601,0.803354036,0.703381388,0.399560896,0.353731636,0.131663858,0.135549606,0.598556112,0.577340953,0.454015154,0.195466429,0.091239072,0.279176949,0.332875874
0.628245808,0.69540509,0.712079491,0.725458388,0.818986163,0.655579562,0.689742156,0.770001212,0.813455692,0.84980598,0.880363839,0.901583529,0.882494489,0.82639136,0.625686719,0.721389984,0.792643749,0.856862235,0.896923942,0.944487925,0.969307749,0.946166107,0.898125507,0.487384738,0.670045065,0.808650088,0.888003764,0.926368468,0.978571279,1,0.971974064,0.907193905,0.094794257,0.258473713,0.76460489,0.888642964,0.931692203,0.958941886,0.960732754,0.882740874,0.788474543,0.374511673,0.098143804,0.504176314,0.732431182,0.847097762,0.851687028,0.847565919,0.769886174,0.470529405,0.379111933,0.141320852,0.116648692,0.578566953,0.615990398,0.511745325,0.22588687,0.09894295,0.269556465,0.370491255
0.626315491,0.699126423,0.718042618,0.710837781,0.81443759,0.62983294,0.663893942,0.74403359,0.787407541,0.824148195,0.854043628,0.88000551,0.878707518,0.842722161,0.58607466,0.677171259,0.751482888,0.81423745,0.854497743,0.901196321,0.940440619,0.957561056,0.931099766,0.407082667,0.595792886,0.74890928,0.831085025,0.868399519,0.927469826,0.971974064,1,0.961981045,0.131387695,0.179547477,0.678244548,0.818065018,0.871388885,0.917718017,0.949724833,0.920515908,0.864003097,0.456746003,0.11815941,0.401717861,0.63966039,0.777148635,0.811612323,0.847431302,0.807036479,0.542655189,0.460296981,0.185365758,0.084251634,0.505099581,0.606918823,0.536550195,0.24984658,0.132240232,0.216476873,0.37298653
0.615593434,0.687772689,0.706055281,0.690894001,0.789327068,0.60644401,0.639808821,0.710729664,0.751391153,0.785966095,0.811426812,0.835826721,0.848608501,0.838431271,0.546874548,0.633334347,0.706985692,0.766627859,0.805306047,0.843759636,0.882274805,0.924027124,0.932788354,0.342664764,0.527740461,0.68653766,0.770213423,0.806787252,0.859943449,0.907193905,0.961981045,1,0.176313292,0.121237685,0.593536723,0.742758677,0.801406842,0.850459744,0.89226867,0.900983142,0.89482123,0.532116352,0.150434404,0.312372461,0.549247574,0.697525331,0.744123628,0.801220631,0.790269448,0.574983542,0.53452827,0.234274459,0.066550571,0.427189018,0.561802408,0.519609063,0.252976349,0.172107764,0.163765869,0.349980429
0.089223506,0.105744706,0.098614109,0.096853244,0.106994146,0.088090274,0.098689283,0.095329418,0.098700762,0.09814027,0.095155277,0.095715672,0.095362669,0.111893736,0.08934781,0.101339217,0.099554832,0.095143304,0.09116302,0.088949325,0.091799958,0.114884,0.144128129,0.273618328,0.170907887,0.115721928,0.098521554,0.08621547,0.087785033,0.094794257,0.131387695,0.176313292,1,0.602538651,0.155621763,0.104529505,0.091649621,0.094697053,0.108865146,0.166190699,0.256335575,0.731509194,0.822765996,0.302227063,0.137892502,0.092525758,0.095423098,0.127690123,0.191066126,0.369241737,0.590043309,0.653445951,0.481672923,0.112686134,0.123830817,0.210265255,0.348325313,0.557015754,0.149452248,0.149498891
0.198159741,0.186367506,0.181243448,0.236437805,0.215225096,0.295255273,0.287359334,0.283733937,0.273723856,0.264524002,0.264754554,0.255309896,0.219169994,0.173455075,0.3870298,0.404579151,0.358157667,0.326640618,0.299783008,0.293539453,0.264499154,0.201149769,0.153006282,0.710249774,0.630197615,0.48511583,0.39855464,0.342816922,0.3147829,0.258473713,0.179547477,0.121237685,0.602538651,1,0.657042073,0.478286544,0.389807114,0.313752692,0.230150367,0.143355151,0.08953386,0.24709601,0.62975641,0.818972556,0.607816954,0.449911724,0.32360333,0.207200692,0.136103232,0.175386357,0.168603357,0.377538412,0.577816046,0.457209283,0.195515835,0.147528448,0.327015759,0.34744549,0.372365735,0.134683765
0.593184331,0.610585484,0.609296152,0.681848011,0.689010514,0.696013499,0.705811567,0.743699296,0.753060451,0.757086589,0.765285155,0.756470929,0.719287883,0.65160591,0.729936846,0.814186611,0.82567201,0.825790708,0.812360096,0.809594894,0.776350011,0.702144735,0.629124235,0.787576481,0.921399059,0.93637085,0.90527365,0.86166879,0.832991675,0.76460489,0.678244548,0.593536723,0.155621763,0.657042073,1,0.954156133,0.896327843,0.811244021,0.704897876,0.564776249,0.438937077,0.211181313,0.205883024,0.828396602,0.901645053,0.868417053,0.744182733,0.612986391,0.470903065,0.21492118,0.202093172,0.136566034,0.291668226,0.654260024,0.44992819,0.296417752,0.189441809,0.107054028,0.352976195,0.23073337
0.631640004,0.670954651,0.675643343,0.73122648,0.768381196,0.707682204,0.731827681,0.788010806,0.813542158,0.830049747,0.845491738,0.843552239,0.812383084,0.749857421,0.708563316,0.809334333,0.853522234,0.884644036,0.892445766,0.904817021,0.882512021,0.821563791,0.760624203,0.67110318,0.847246188,0.933036664,0.958300542,0.948665187,0.941969115,0.888642964,0.818065018,0.742758677,0.104529505,0.478286544,0.954156133,1,0.983685877,0.926701829,0.840266097,0.715410451,0.596697099,0.285794931,0.146141022,0.731718976,0.897778803,0.930736749,0.845248919,0.744977644,0.613459986,0.308844306,0.282736349,0.135081548,0.228280049,0.678929917,0.551677331,0.395959874,0.182689311,0.098838423,0.346172672,0.301085028
0.611881092,0.661950796,0.670940292,0.715679375,0.771772717,0.674200844,0.705101239,0.769338541,0.803117765,0.828093217,0.849395651,0.853638361,0.826824423,0.766965187,0.662214428,0.766552601,0.823326941,0.872365622,0.895576531,0.920309566,0.908000325,0.855941864,0.803812251,0.590598656,0.775309201,0.887789108,0.942394551,0.957959571,0.971033824,0.931692203,0.871388885,0.801406842,0.091649621,0.389807114,0.896327843,0.983685877,1,0.969017576,0.90007478,0.789119395,0.674325409,0.316590839,0.121256585,0.670025821,0.87381843,0.943379875,0.889150365,0.812219444,0.691203963,0.372465305,0.312892738,0.13254623,0.198761591,0.686601091,0.61109094,0.461453299,0.200174543,0.096401772,0.346767829,0.347955844
0.532378011,0.593590794,0.6089538,0.639286173,0.721552785,0.582743862,0.61880701,0.693746617,0.735365725,0.770633505,0.800714794,0.815806911,0.794471678,0.734885364,0.568321662,0.67294107,0.737560455,0.801543354,0.84133623,0.886774841,0.89705235,0.860083528,0.817845322,0.48504499,0.668904728,0.797624303,0.87146008,0.906424178,0.96056011,0.958941886,0.917718017,0.850459744,0.094697053,0.313752692,0.811244021,0.926701829,0.969017576,1,0.972978193,0.892917009,0.776786577,0.338450378,0.112044607,0.611462831,0.836130885,0.941268992,0.947763474,0.915335767,0.815031861,0.482600866,0.327698525,0.134658348,0.186590004,0.708585366,0.719752222,0.58354854,0.255626763,0.100342716,0.375270068,0.438099778
0.487478677,0.556403529,0.576949444,0.588856654,0.690153008,0.520149384,0.557737817,0.639138696,0.684240626,0.725115621,0.759905149,0.784525907,0.772387165,0.718107898,0.500056538,0.598156098,0.668319454,0.73922713,0.787778434,0.846059959,0.87878645,0.864361257,0.833388366,0.3932753,0.569077831,0.710338772,0.795786863,0.841914941,0.921984262,0.960732754,0.949724833,0.89226867,0.108865146,0.230150367,0.704897876,0.840266097,0.90007478,0.972978193,1,0.960095078,0.860867368,0.37264323,0.105693148,0.504330812,0.738198557,0.871126519,0.927274079,0.951946704,0.891609412,0.585660907,0.358971416,0.141800875,0.142999181,0.648548654,0.754288801,0.65798238,0.309926826,0.102844281,0.340339266,0.48529625
0.411183833,0.483210712,0.504670549,0.501215879,0.609224684,0.426001223,0.463074127,0.5420712,0.587006324,0.629093741,0.664013826,0.692469957,0.694054385,0.65582395,0.39495717,0.485851492,0.558021655,0.629772262,0.682170953,0.742356321,0.787337125,0.803305298,0.796657731,0.277439496,0.436592025,0.585247396,0.676326773,0.7279913,0.818749795,0.882740874,0.920515908,0.900983142,0.166190699,0.143355151,0.564776249,0.715410451,0.789119395,0.892917009,0.960095078,1,0.954532634,0.44169747,0.127658804,0.376993476,0.612466219,0.768277827,0.873768665,0.957974389,0.963445542,0.737103456,0.412551954,0.173625838,0.107765215,0.570477723,0.78244052,0.749105467,0.408904541,0.124905305,0.2948553,0.538003518
0.388745203,0.461304464,0.479946022,0.463623946,0.567832319,0.383793688,0.417616688,0.491041303,0.533082927,0.571847284,0.601887729,0.629506837,0.641841839,0.625074243,0.335754465,0.416988135,0.491911264,0.55884562,0.608360286,0.660428025,0.707516362,0.750802905,0.765082519,0.201692868,0.341260017,0.491847142,0.584583501,0.636387128,0.717963648,0.788474543,0.864003097,0.89482123,0.256335575,0.08953386,0.438937077,0.596697099,0.674325409,0.776786577,0.860867368,0.954532634,1,0.53739833,0.186862321,0.246774146,0.467347461,0.629634531,0.746000173,0.864686522,0.926471124,0.82305289,0.499942432,0.238354864,0.080514523,0.43406386,0.694835441,0.725394536,0.45363374,0.173934133,0.197223599,0.5012723
0.366008477,0.406740941,0.402560706,0.38677679,0.424131151,0.318247394,0.348886787,0.369857313,0.388307709,0.397271305,0.394278546,0.398205258,0.412965562,0.454212893,0.229592389,0.279667737,0.340002218,0.364010377,0.375668076,0.371115117,0.383874672,0.442284844,0.495262488,0.108662306,0.191703135,0.292216743,0.331827262,0.337252474,0.348280392,0.374511673,0.456746003,0.532116352,0.731509194,0.24709601,0.211181313,0.285794931,0.316590839,0.338450378,0.37264323,0.44169747,0.53739833,1,0.717844345,0.158422573,0.174750591,0.239324801,0.280067103,0.349134361,0.405550556,0.432744251,0.927132622,0.745515359,0.368654823,0.132083993,0.238241232,0.290390962,0.23498748,0.61029038,0.095472285,0.189940353
0.117814623,0.126147787,0.116497308,0.116460209,0.1192414,0.104042883,0.114709325,0.113985274,0.11499305,0.111716408,0.105021101,0.104583485,0.098689348,0.114318152,0.083675881,0.101532122,0.115627833,0.111129765,0.101938818,0.096138092,0.095806713,0.112170325,0.127897851,0.191314907,0.156438091,0.134032371,0.119436665,0.098217856,0.099005051,0.098143804,0.11815941,0.150434404,0.822765996,0.62975641,0.205883024,0.146141022,0.121256585,0.112044607,0.105693148,0.127658804,0.186862321,0.717844345,1,0.470463246,0.25417831,0.159409194,0.127908849,0.112865193,0.133533162,0.256924261,0.702446273,0.912103539,0.811205298,0.261818681,0.117154155,0.135137764,0.240510557,0.840576108,0.365104924,0.10463142
0.256718735,0.269584607,0.269912829,0.327693567,0.342537648,0.348935507,0.362600121,0.386213169,0.397165009,0.405737096,0.421936777,0.419879728,0.382329569,0.320265048,0.407103108,0.475044052,0.467402567,0.476220634,0.476990906,0.49540759,0.471731075,0.39310226,0.333807611,0.621380212,0.666062772,0.617583784,0.587167248,0.56649132,0.565178724,0.504176314,0.401717861,0.312372461,0.302227063,0.818972556,0.828396602,0.731718976,0.670025821,0.611462831,0.504330812,0.376993476,0.246774146,0.158422573,0.470463246,1,0.918594613,0.790661382,0.667263896,0.498264997,0.354184535,0.166483226,0.138115509,0.326367046,0.664872144,0.81972631,0.47726499,0.295287752,0.21973611,0.331533693,0.631327755,0.280412828
0.385155596,0.419432502,0.425372358,0.480250318,0.521950034,0.471695936,0.497162087,0.541141104,0.566137657,0.586759064,0.611342224,0.615269726,0.583474313,0.517648824,0.50058878,0.595351828,0.617109162,0.651800741,0.670173926,0.701189743,0.686044325,0.613829857,0.556275537,0.596364712,0.718677377,0.748573639,0.763307166,0.767844598,0.78343431,0.732431182,0.63966039,0.549247574,0.137892502,0.607816954,0.901645053,0.897778803,0.87381843,0.836130885,0.738198557,0.612466219,0.467347461,0.174750591,0.25417831,0.918594613,1,0.960784067,0.869494969,0.721286873,0.569677217,0.274731135,0.157449646,0.187129602,0.475415692,0.891100378,0.643105461,0.44201322,0.22307223,0.188695079,0.596061604,0.384940323
0.436903233,0.485670486,0.496672387,0.541714495,0.604995597,0.509635847,0.542044205,0.601196589,0.635155457,0.664403573,0.693364991,0.70296417,0.677127412,0.614572537,0.517623728,0.621379323,0.663950041,0.716023035,0.748002782,0.788188568,0.784856907,0.728071603,0.681937122,0.5287542,0.688142222,0.769574276,0.816265619,0.838930483,0.876630084,0.847097762,0.777148635,0.697525331,0.092525758,0.449911724,0.868417053,0.930736749,0.943379875,0.941268992,0.871126519,0.768277827,0.629634531,0.239324801,0.159409194,0.790661382,0.960784067,1,0.958891376,0.855499566,0.720110365,0.38374314,0.220472626,0.140226928,0.340137737,0.864556338,0.738487885,0.551774892,0.246589231,0.130908088,0.535158262,0.454334221
0.366211686,0.42395708,0.441132939,0.468471133,0.553056141,0.419505654,0.456944604,0.525083769,0.565875736,0.603006283,0.637481817,0.654652196,0.63672685,0.57950046,0.419856322,0.519459023,0.573151986,0.638370399,0.684948142,0.740531849,0.755989921,0.718843525,0.690566723,0.396516217,0.556687419,0.662602479,0.730758186,0.771974492,0.844575601,0.851687028,0.811612323,0.744123628,0.095423098,0.32360333,0.744182733,0.845248919,0.889150365,0.947763474,0.927274079,0.873768665,0.746000173,0.280067103,0.127908849,0.667263896,0.869494969,0.958891376,1,0.958757768,0.861155839,0.52626521,0.248254192,0.131363623,0.284483713,0.849240654,0.86762877,0.712914547,0.333266629,0.120726247,0.548044717,0.584288104
0.33617227,0.400320086,0.421047417,0.431747304,0.530935445,0.369944131,0.408220528,0.482007667,0.525624377,0.566958339,0.603338829,0.627705803,0.619520754,0.570136403,0.358585309,0.450367945,0.513521875,0.584946874,0.638296841,0.701534615,0.735402362,0.724583427,0.710815746,0.296071638,0.447975757,0.574987012,0.658156801,0.7097091,0.803354036,0.847565919,0.847431302,0.801220631,0.127690123,0.207200692,0.612986391,0.744977644,0.812219444,0.915335767,0.951946704,0.957974389,0.864686522,0.349134361,0.112865193,0.498264997,0.721286873,0.855499566,0.958757768,1,0.963311515,0.684022644,0.308434152,0.135091161,0.186881809,0.725138628,0.894919064,0.813310853,0.430217398,0.107550046,0.448359351,0.634706517
0.282878511,0.347514804,0.368916466,0.364566401,0.465797637,0.299151997,0.334867158,0.404024273,0.446106501,0.486857961,0.52196454,0.549423776,0.552249642,0.515671068,0.278853554,0.357542604,0.421613216,0.491492089,0.545638744,0.609606613,0.654047784,0.666929025,0.669859871,0.209246416,0.332288667,0.460099103,0.54767366,0.605137561,0.703381388,0.769886174,0.807036479,0.790269448,0.191066126,0.136103232,0.470903065,0.613459986,0.691203963,0.815031861,0.891609412,0.963445542,0.926471124,0.405550556,0.133533162,0.354184535,0.569677217,0.720110365,0.861155839,0.963311515,1,0.828915272,0.350630772,0.157103047,0.133252704,0.602341857,0.878974616,0.881453908,0.551136161,0.116503725,0.364814452,0.671244082
0.150851071,0.191966679,0.204880682,0.193738751,0.262357271,0.156224725,0.176533569,0.213001698,0.237013397,0.262528007,0.285224474,0.309396764,0.320537321,0.308267221,0.144739018,0.177041151,0.215809528,0.258970019,0.293306209,0.339002426,0.381841017,0.419950947,0.438095454,0.160101058,0.164690285,0.223440416,0.282852741,0.327639413,0.399560896,0.470529405,0.542655189,0.574983542,0.369241737,0.175386357,0.21492118,0.308844306,0.372465305,0.482600866,0.585660907,0.737103456,0.82305289,0.432744251,0.256924261,0.166483226,0.274731135,0.38374314,0.52626521,0.684022644,0.828915272,1,0.355150189,0.228323118,0.129801976,0.32591951,0.669459089,0.841930069,0.803755848,0.176460568,0.198368792,0.619231661
0.441299378,0.469745001,0.462451354,0.450882091,0.473810327,0.391367451,0.409484085,0.430324642,0.439774649,0.443912049,0.434584655,0.437381568,0.452412053,0.492710928,0.294343177,0.330731116,0.389663303,0.40570668,0.409070632,0.393072644,0.403888271,0.463500742,0.502725182,0.098756964,0.20159002,0.317182285,0.35554547,0.351320727,0.353731636,0.379111933,0.460296981,0.53452827,0.590043309,0.168603357,0.202093172,0.282736349,0.312892738,0.327698525,0.358971416,0.412551954,0.499942432,0.927132622,0.702446273,0.138115509,0.157449646,0.220472626,0.248254192,0.308434152,0.350630772,0.355150189,1,0.840752438,0.451572088,0.119378237,0.178065722,0.211605714,0.158113102,0.746924023,0.144180626,0.123976252
0.229564857,0.23361938,0.220902286,0.21621322,0.214209068,0.192863532,0.198823488,0.201250174,0.198876703,0.193746965,0.181086958,0.180422845,0.182301027,0.209422814,0.135989006,0.147972734,0.177301586,0.174080318,0.164069461,0.148318696,0.151602275,0.186353349,0.20552733,0.088644608,0.10948829,0.145182116,0.150301112,0.131605645,0.131663858,0.141320852,0.185365758,0.234274459,0.653445951,0.377538412,0.136566034,0.135081548,0.13254623,0.134658348,0.141800875,0.173625838,0.238354864,0.745515359,0.912103539,0.326367046,0.187129602,0.140226928,0.131363623,0.135091161,0.157103047,0.228323118,0.840752438,1,0.81343003,0.238051093,0.121946034,0.125681202,0.156074142,0.960152009,0.397156987,0.101316275
0.071473838,0.066480889,0.057856213,0.07132156,0.067817649,0.07977604,0.084116568,0.082290176,0.080678297,0.078279351,0.077826962,0.077401038,0.060700463,0.053298033,0.084233591,0.098000044,0.097603185,0.095956707,0.091749841,0.097448278,0.091792002,0.073111895,0.061032688,0.201331045,0.184355715,0.1478144,0.13516437,0.125217965,0.135549606,0.116648692,0.084251634,0.066550571,0.481672923,0.577816046,0.291668226,0.228280049,0.198761591,0.186590004,0.142999181,0.107765215,0.080514523,0.368654823,0.811205298,0.664872144,0.475415692,0.340137737,0.284483713,0.186881809,0.133252704,0.129801976,0.451572088,0.81343003,1,0.5992225,0.2889061,0.185697939,0.179320862,0.854414651,0.737808322,0.230268935
0.188084474,0.221894895,0.232589765,0.259933152,0.31335865,0.241507068,0.269638859,0.307798638,0.335616788,0.360757204,0.38995246,0.400089553,0.37879394,0.329551823,0.263996701,0.337706719,0.360081487,0.405494209,0.441162737,0.490674019,0.493180584,0.438813552,0.411321171,0.352316754,0.445343996,0.474324561,0.509870602,0.546217369,0.598556112,0.578566953,0.505099581,0.427189018,0.112686134,0.457209283,0.654260024,0.678929917,0.686601091,0.708585366,0.648548654,0.570477723,0.43406386,0.132083993,0.261818681,0.81972631,0.891100378,0.864556338,0.849240654,0.725138628,0.602341857,0.32591951,0.119378237,0.238051093,0.5992225,1,0.801679829,0.595178089,0.292343226,0.291961497,0.838135528,0.594500408
0.157088534,0.203431025,0.222811378,0.224365007,0.304232934,0.183019734,0.213422098,0.265749452,0.300891893,0.334781883,0.367770111,0.387003063,0.379862263,0.341431549,0.188070043,0.251194682,0.293048101,0.352369019,0.403044285,0.466492763,0.494966949,0.479031948,0.483441787,0.192358726,0.284295121,0.361763604,0.428106939,0.483637217,0.577340953,0.615990398,0.606918823,0.561802408,0.123830817,0.195515835,0.44992819,0.551677331,0.61109094,0.719752222,0.754288801,0.78244052,0.694835441,0.238241232,0.117154155,0.47726499,0.643105461,0.738487885,0.86762877,0.894919064,0.878974616,0.669459089,0.178065722,0.121946034,0.2889061,0.801679829,1,0.931846087,0.571712844,0.136438462,0.66777841,0.865234577
0.114962609,0.153521412,0.169699851,0.165045105,0.235623856,0.13212301,0.154122156,0.195583312,0.223360202,0.252226272,0.279927064,0.301139914,0.301860797,0.274980184,0.13288397,0.174879069,0.211007432,0.260382559,0.303211921,0.360235381,0.396377572,0.403083775,0.416949668,0.147098037,0.188984751,0.251582534,0.312514823,0.364720105,0.454015154,0.511745325,0.536550195,0.519609063,0.210265255,0.147528448,0.296417752,0.395959874,0.461453299,0.58354854,0.65798238,0.749105467,0.725394536,0.290390962,0.135137764,0.295287752,0.44201322,0.551774892,0.712914547,0.813310853,0.881453908,0.841930069,0.211605714,0.125681202,0.185697939,0.595178089,0.931846087,1,0.78519232,0.114583292,0.492818594,0.891475611
