1,0.926892198,0.85012339,0.896019152,0.861166829,0.789914212,0.768401908,0.8260018,0.858845306,0.861763058,0.853027063,0.835386223,0.817985453,0.768471897,0.777209791,0.756987068,0.772653272,0.810174512,0.822531792,0.782846243,0.734032151,0.794150669,0.744966191,0.711551467,0.70551923,0.694396389,0.731462789,0.751180488,0.667740783,0.487258396,0.519814995,0.546147021,0.544513106,0.594876031,0.622039844,0.647992639,0.646434857,0.57708301,0.457068136,0.42945678,0.402730132,0.251090152,0.434126792,0.505519412,0.521896336,0.52613915,0.496126818,0.460805234,0.34922269,0.174719861,0.125793561,0.188148736,0.294827998,0.311173825,0.237887465,0.077947373,0.072968332,0.084560155,0.053171391,0.098759
0.926892198,1,0.910759206,0.886377032,0.885611178,0.768438783,0.740422116,0.810319997,0.865429337,0.879813582,0.87020352,0.850563563,0.83222384,0.770200771,0.759366368,0.732373798,0.751353767,0.80568371,0.827183265,0.773785978,0.719559414,0.799272164,0.743341544,0.700861021,0.6929755,0.675635014,0.721639244,0.73995465,0.635871711,0.446701316,0.483667314,0.516970897,0.534484987,0.583251665,0.606257935,0.630219818,0.615913173,0.532175335,0.409308648,0.381085332,0.362976084,0.23246233,0.415244942,0.484022831,0.491491294,0.483621273,0.44389287,0.407568479,0.298176144,0.14059848,0.162759426,0.166498194,0.26679923,0.270004864,0.188712638,0.065150603,0.090358181,0.117536725,0.074309542,0.137386519
0.85012339,0.910759206,1,0.81757796,0.862867169,0.717114831,0.682363613,0.747726528,0.811239429,0.833348038,0.828116693,0.816104334,0.814127335,0.753582946,0.704031329,0.67331812,0.68423583,0.747755939,0.779458248,0.729423054,0.682104892,0.775461161,0.727148281,0.651906646,0.635995542,0.608954573,0.660089824,0.68639724,0.585032011,0.411106839,0.454585729,0.50014075,0.49108464,0.521848137,0.539144646,0.565612422,0.553945864,0.480204113,0.370931919,0.350730578,0.347826054,0.203708524,0.355171241,0.418485728,0.427626048,0.422790098,0.388930259,0.36285939,0.26814098,0.128019342,0.183617438,0.129933541,0.216814965,0.219791299,0.153687864,0.058441414,0.094215174,0.148808458,0.101496723,0.16658675
0.896019152,0.886377032,0.81757796,1,0.887546236,0.872051528,0.889226857,0.932283775,0.950406875,0.937589818,0.921849378,0.89925011,0.86748964,0.819240874,0.844198228,0.844031766,0.860124588,0.880221678,0.885950838,0.861252763,0.820116895,0.854451573,0.804760417,0.734180815,0.740522419,0.7365151,0.768030162,0.794274364,0.744354973,0.579033047,0.611139458,0.643515379,0.541474837,0.587683568,0.626322487,0.656088571,0.67304567,0.640044266,0.539369728,0.517424275,0.504261313,0.226547273,0.400835734,0.483339838,0.50985492,0.533473569,0.533767485,0.527078192,0.43631174,0.254882536,0.142349153,0.156270079,0.261054664,0.298491118,0.278294463,0.123249624,0.088951619,0.099088585,0.060539255,0.096421816
0.861166829,0.885611178,0.862867169,0.887546236,1,0.805285901,0.796021554,0.850504077,0.896265995,0.915092299,0.922949227,0.918422456,0.910250568,0.860887432,0.784879216,0.775744475,0.785906834,0.832066499,0.862318775,0.847624894,0.81959021,0.889137695,0.842106498,0.71065652,0.704167283,0.683906415,0.726879243,0.765588735,0.711788902,0.554437202,0.5990154,0.636939089,0.536961132,0.55946661,0.585349165,0.617535442,0.632096599,0.596413132,0.501917249,0.489472281,0.490202521,0.216178601,0.36898543,0.444135037,0.468421744,0.48853438,0.484159329,0.48046778,0.393468773,0.226896303,0.155566503,0.129769098,0.226099955,0.255415845,0.229589834,0.096581548,0.078717448,0.125250851,0.079277401,0.113855397
0.789914212,0.768438783,0.717114831,0.872051528,0.805285901,1,0.893727999,0.887380587,0.868769629,0.85167781,0.846946434,0.838657348,0.813346683,0.793108315,0.907083494,0.864248901,0.850430923,0.845865975,0.842920425,0.837128934,0.809590931,0.814035411,0.786957167,0.784152953,0.776590283,0.753437976,0.770673868,0.796833736,0.768579952,0.621442419,0.657539452,0.685286964,0.611292719,0.635501759,0.657243186,0.682952103,0.71271639,0.69613807,0.60202358,0.584180726,0.567650301,0.268998856,0.440836952,0.520122563,0.550099457,0.584988241,0.599367002,0.59796479,0.507508005,0.309015473,0.109663292,0.172281799,0.284857071,0.336801759,0.337480876,0.1652975,0.104484902,0.082782982,0.060611063,0.098613304
0.768401908,0.740422116,0.682363613,0.889226857,0.796021554,0.893727999,1,0.959689089,0.902990752,0.866731561,0.858932871,0.85145336,0.822790007,0.79726137,0.888331581,0.927230075,0.912098171,0.873091026,0.85244661,0.864482857,0.85085178,0.833336317,0.800852761,0.759658243,0.781790625,0.779241913,0.777917561,0.799033898,0.811259813,0.700008779,0.724486598,0.734811763,0.572923248,0.608636348,0.648394758,0.670954266,0.713120165,0.73629635,0.672719873,0.658337496,0.637936512,0.249867494,0.41300086,0.497582079,0.535825051,0.586018219,0.628438206,0.654368186,0.590289596,0.392551091,0.107523431,0.163888518,0.272966411,0.343038022,0.398635718,0.232035927,0.140524961,0.079842762,0.060974065,0.098224019
0.8260018,0.810319997,0.747726528,0.932283775,0.850504077,0.887380587,0.959689089,1,0.974136118,0.945424557,0.930175584,0.905937794,0.859811692,0.818752805,0.893474316,0.931453794,0.952894854,0.944507301,0.928550317,0.914123323,0.874161727,0.86207868,0.81273522,0.796289243,0.820342106,0.82809602,0.845524754,0.862080099,0.832870316,0.674458386,0.690765739,0.696832405,0.612063613,0.661260931,0.706628904,0.733841992,0.758376949,0.739618618,0.642007385,0.613896722,0.585542941,0.278147601,0.46690215,0.556005343,0.589283984,0.622872,0.634479544,0.632454789,0.538484407,0.328562395,0.110912662,0.198571424,0.318471601,0.373618599,0.37466441,0.181681723,0.110132109,0.080928745,0.061529286,0.094001767
0.858845306,0.865429337,0.811239429,0.950406875,0.896265995,0.868769629,0.902990752,0.974136118,1,0.990810418,0.975274752,0.94227046,0.888497492,0.834594499,0.873541618,0.894729331,0.92994364,0.960314367,0.963989777,0.931526341,0.875751135,0.880348567,0.821197306,0.796735358,0.813187067,0.817974168,0.856214716,0.878020928,0.816145644,0.630212974,0.64661987,0.65974961,0.613390754,0.663054845,0.706753897,0.73879685,0.749626809,0.702316049,0.587192765,0.554492967,0.531815251,0.272284308,0.46674135,0.555330984,0.582684377,0.602219344,0.59240315,0.576479003,0.469899939,0.268089674,0.128127861,0.193077222,0.312375336,0.350450983,0.315707325,0.132936497,0.091035484,0.093671507,0.063352313,0.099700446
0.861763058,0.879813582,0.833348038,0.937589818,0.915092299,0.85167781,0.866731561,0.945424557,0.990810418,1,0.991810127,0.960361694,0.90346899,0.844610829,0.855460666,0.867132493,0.903616173,0.951585581,0.970435392,0.938684206,0.881213085,0.892452634,0.828421739,0.789810078,0.801161905,0.80187516,0.849794541,0.878635927,0.809400594,0.617265567,0.635003878,0.64832268,0.612316394,0.65860416,0.698988486,0.73399459,0.742235257,0.687139105,0.568087693,0.535304763,0.514316599,0.270838699,0.463416055,0.550221121,0.576077654,0.59169997,0.575314353,0.555518804,0.445263176,0.247611506,0.133224264,0.189013557,0.307198629,0.339637986,0.2939921,0.117753159,0.087140609,0.099757604,0.067101203,0.106892438
0.853027063,0.87020352,0.828116693,0.921849378,0.922949227,0.846946434,0.858932871,0.930175584,0.975274752,0.991810127,1,0.982826537,0.928403922,0.869982589,0.84695511,0.861178276,0.89518594,0.942569218,0.969135812,0.957666928,0.914052276,0.922225201,0.855114051,0.782604427,0.797026994,0.798846844,0.846743175,0.884111653,0.833658225,0.65490341,0.672463419,0.681074584,0.610332779,0.65482083,0.696259855,0.734867675,0.752995492,0.711385607,0.600586435,0.568715831,0.545899097,0.273040761,0.461583498,0.548915436,0.580672888,0.604549718,0.596853413,0.58318728,0.474734699,0.272234485,0.125832486,0.190736143,0.309190515,0.348793489,0.314233293,0.130646249,0.088859405,0.095019719,0.063121718,0.099375122
0.835386223,0.850563563,0.816104334,0.89925011,0.918422456,0.838657348,0.85145336,0.905937794,0.94227046,0.960361694,0.982826537,1,0.962187613,0.907729458,0.832944448,0.84639783,0.870814068,0.909889337,0.940195585,0.956051136,0.941103761,0.961961375,0.895315634,0.762534553,0.777023378,0.775002078,0.817792223,0.86410421,0.843862348,0.694565457,0.722286863,0.73473709,0.599296574,0.631318993,0.669600211,0.709919816,0.742428938,0.726055034,0.634555548,0.611294,0.594008401,0.272644164,0.437817086,0.521496559,0.559519814,0.595804318,0.605322284,0.607295866,0.511299092,0.311436724,0.117202673,0.177451804,0.288484525,0.33513228,0.326260888,0.148622882,0.092270975,0.094912039,0.060399635,0.089300773
0.817985453,0.83222384,0.814127335,0.86748964,0.910250568,0.813346683,0.822790007,0.859811692,0.888497492,0.90346899,0.928403922,0.962187613,1,0.932120339,0.796854129,0.803195934,0.814773391,0.846895422,0.877320209,0.902436136,0.905062611,0.98818603,0.919575344,0.716417523,0.725035226,0.714652792,0.753338643,0.805175284,0.800705151,0.680162257,0.728239251,0.760472318,0.556704175,0.575586671,0.608004259,0.648271479,0.689287626,0.692105357,0.620311906,0.611258368,0.607786878,0.248192375,0.385683919,0.462900178,0.503194759,0.546787511,0.569215245,0.585525918,0.506981029,0.323947864,0.11789788,0.147128068,0.245001228,0.292700724,0.303345473,0.147873668,0.089747723,0.101743622,0.060377845,0.082379894
0.768471897,0.770200771,0.753582946,0.819240874,0.860887432,0.793108315,0.79726137,0.818752805,0.834594499,0.844610829,0.869982589,0.907729458,0.932120339,1,0.771707162,0.773316051,0.770209836,0.792218468,0.822188693,0.866696832,0.892647172,0.946685642,0.992587399,0.694328002,0.690605833,0.667835489,0.701753445,0.761325274,0.786985335,0.699087599,0.768565075,0.832227988,0.558458857,0.543666504,0.563192266,0.604533735,0.660852965,0.688884745,0.639037004,0.653448088,0.67180595,0.272878226,0.354540466,0.420760014,0.464657306,0.519564021,0.559219699,0.593575658,0.536265015,0.369599064,0.10488233,0.129748891,0.212632394,0.259834123,0.296595418,0.16378056,0.093218326,0.108363871,0.069778989,0.077340687
0.777209791,0.759366368,0.704031329,0.844198228,0.784879216,0.907083494,0.888331581,0.893474316,0.873541618,0.855460666,0.84695511,0.832944448,0.796854129,0.771707162,1,0.931734508,0.89611625,0.879105833,0.861172637,0.843449307,0.805582222,0.796992507,0.766313759,0.905096164,0.881973214,0.838963845,0.833282357,0.831365041,0.782903262,0.616392884,0.643357556,0.654088693,0.733623435,0.745809424,0.75269705,0.755906887,0.758545919,0.712789359,0.600158617,0.576198672,0.546343616,0.363439743,0.53851405,0.607611497,0.618877855,0.630462875,0.621265937,0.603957963,0.500442726,0.290515583,0.110586027,0.232184101,0.348790786,0.37711475,0.348594658,0.160582684,0.104505549,0.094828547,0.075091008,0.106588403
0.756987068,0.732373798,0.67331812,0.844031766,0.775744475,0.864248901,0.927230075,0.931453794,0.894729331,0.867132493,0.861178276,0.84639783,0.803195934,0.773316051,0.931734508,1,0.96657834,0.923909228,0.890653541,0.885677127,0.851688543,0.812843318,0.772484952,0.886859402,0.91874051,0.905932678,0.886573026,0.876695482,0.85269842,0.700742568,0.704096913,0.689968745,0.722022021,0.768053716,0.799925981,0.804526746,0.81641448,0.789437674,0.685103938,0.646282931,0.597953357,0.370152998,0.569685228,0.650646352,0.673226714,0.696851614,0.700416135,0.687590131,0.580252465,0.347373554,0.10868469,0.271802692,0.397998714,0.445658627,0.436076178,0.211488704,0.125153209,0.08684973,0.075030247,0.102046468
0.772653272,0.751353767,0.68423583,0.860124588,0.785906834,0.850430923,0.912098171,0.952894854,0.92994364,0.903616173,0.89518594,0.870814068,0.814773391,0.770209836,0.89611625,0.96657834,1,0.975932556,0.941056807,0.925013295,0.876099742,0.82447618,0.766314328,0.854258087,0.91315756,0.94154107,0.941367462,0.931783955,0.894593403,0.723513932,0.707686714,0.676533522,0.701848996,0.782740628,0.838245154,0.855907566,0.866825246,0.826226569,0.707314456,0.649839488,0.58289858,0.366579832,0.604401075,0.696671325,0.726133068,0.748584019,0.742191954,0.714663323,0.586959986,0.337921225,0.109186372,0.311390659,0.449376929,0.502346335,0.469877928,0.212600729,0.124822027,0.084822561,0.080500176,0.102979894
0.810174512,0.80568371,0.747755939,0.880221678,0.832066499,0.845865975,0.873091026,0.944507301,0.960314367,0.951585581,0.942569218,0.909889337,0.846895422,0.792218468,0.879105833,0.923909228,0.975932556,1,0.98712278,0.951383705,0.884272082,0.847506105,0.781000918,0.848615522,0.893527489,0.921439575,0.955486504,0.961193357,0.887177052,0.683752875,0.670964889,0.648657308,0.698029,0.777268073,0.832028247,0.862927364,0.865017823,0.795135023,0.656345475,0.596486584,0.536665305,0.354829734,0.599023503,0.692529728,0.719648087,0.730668385,0.702849906,0.661433247,0.520852529,0.281314692,0.113748869,0.298861285,0.438947378,0.476089015,0.40538361,0.160220181,0.102642178,0.083950218,0.068993354,0.098236897
0.822531792,0.827183265,0.779458248,0.885950838,0.862318775,0.842920425,0.85244661,0.928550317,0.963989777,0.970435392,0.969135812,0.940195585,0.877320209,0.822188693,0.861172637,0.890653541,0.941056807,0.98712278,1,0.970720715,0.905229499,0.876263635,0.808637279,0.825332213,0.858346877,0.878669978,0.930012332,0.957717016,0.885197286,0.681995227,0.674998648,0.660757464,0.672854039,0.740902255,0.791828858,0.832619079,0.842913727,0.777613475,0.642590373,0.587977806,0.537637745,0.332238528,0.55991177,0.652537556,0.683827419,0.699586304,0.674901676,0.638858686,0.502706461,0.272748314,0.115421373,0.266490337,0.401735387,0.438953861,0.37216732,0.144678437,0.096184435,0.084284116,0.063535101,0.098476208
0.782846243,0.773785978,0.729423054,0.861252763,0.847624894,0.837128934,0.864482857,0.914123323,0.931526341,0.938684206,0.957666928,0.956051136,0.902436136,0.866696832,0.843449307,0.885677127,0.925013295,0.951383705,0.970720715,1,0.975102766,0.92083417,0.862571122,0.788844463,0.827901371,0.851204494,0.891768062,0.940670034,0.944042447,0.801186803,0.791724377,0.764950603,0.643491929,0.695145255,0.749735871,0.79844195,0.846607572,0.844391938,0.751466343,0.707100373,0.657421581,0.330037048,0.516507685,0.609732929,0.662011224,0.712299565,0.731070351,0.729411779,0.618589064,0.382556988,0.099009179,0.248844351,0.376651972,0.445558384,0.448318528,0.214475611,0.117852143,0.07728728,0.064157936,0.087552657
0.734032151,0.719559414,0.682104892,0.820116895,0.81959021,0.809590931,0.85085178,0.874161727,0.875751135,0.881213085,0.914052276,0.941103761,0.905062611,0.892647172,0.805582222,0.851688543,0.876099742,0.884272082,0.905229499,0.975102766,1,0.940494337,0.897548595,0.732967415,0.771709182,0.789696942,0.817657335,0.877752399,0.940771398,0.864675091,0.870214771,0.839541551,0.595086322,0.625594626,0.676047609,0.724926103,0.797699,0.849549712,0.804092535,0.780674502,0.742405987,0.306770098,0.446856117,0.534394593,0.596378028,0.669754195,0.725952317,0.760934034,0.686338747,0.469610844,0.090335849,0.20595901,0.318769208,0.40479093,0.472396716,0.271497405,0.149166954,0.075238834,0.062529989,0.087083211
0.794150669,0.799272164,0.775461161,0.854451573,0.889137695,0.814035411,0.833336317,0.86207868,0.880348567,0.892452634,0.922225201,0.961961375,0.98818603,0.946685642,0.796992507,0.812843318,0.82447618,0.847506105,0.876263635,0.92083417,0.940494337,1,0.940219101,0.712874647,0.727233832,0.721677575,0.756861689,0.814728566,0.839396531,0.742895721,0.791174173,0.810287894,0.558866369,0.57463115,0.61006696,0.653817597,0.709179715,0.735320026,0.679456679,0.675003878,0.668090472,0.259100273,0.386051334,0.464790389,0.513140319,0.569706711,0.608336677,0.637285798,0.567281758,0.38058164,0.105238372,0.151425314,0.249967306,0.310247997,0.346745218,0.18581091,0.105356615,0.091878834,0.057029797,0.076559651
0.744966191,0.743341544,0.727148281,0.804760417,0.842106498,0.786957167,0.800852761,0.81273522,0.821197306,0.828421739,0.855114051,0.895315634,0.919575344,0.992587399,0.766313759,0.772484952,0.766314328,0.781000918,0.808637279,0.862571122,0.897548595,0.940219101,1,0.68081217,0.681418306,0.660114139,0.688894815,0.750248855,0.793829013,0.727145766,0.79908585,0.861446451,0.543487464,0.527126133,0.548233091,0.588676601,0.651619205,0.698339198,0.665316955,0.687077656,0.710412927,0.257549671,0.335595875,0.402714406,0.449171931,0.510781748,0.563717936,0.612393574,0.569446577,0.409756321,0.104453632,0.117695622,0.198244069,0.253187727,0.313720489,0.191648859,0.109139123,0.108821927,0.068515217,0.075148231
0.711551467,0.700861021,0.651906646,0.734180815,0.71065652,0.784152953,0.759658243,0.796289243,0.796735358,0.789810078,0.782604427,0.762534553,0.716417523,0.694328002,0.905096164,0.886859402,0.854258087,0.848615522,0.825332213,0.788844463,0.732967415,0.712874647,0.68081217,1,0.955447286,0.885369325,0.867030935,0.834672891,0.744247363,0.545477099,0.55428648,0.547467512,0.899075951,0.887753844,0.858219516,0.835989202,0.79801671,0.691406934,0.541840484,0.500458084,0.451643743,0.538524241,0.701563179,0.740086548,0.720713213,0.69061996,0.62897734,0.567712635,0.430583985,0.217511629,0.139031559,0.363012001,0.473967594,0.446518638,0.333266981,0.126040581,0.099892368,0.118539602,0.093757742,0.119677328
0.70551923,0.6929755,0.635995542,0.740522419,0.704167283,0.776590283,0.781790625,0.820342106,0.813187067,0.801161905,0.797026994,0.777023378,0.725035226,0.690605833,0.881973214,0.91874051,0.91315756,0.893527489,0.858346877,0.827901371,0.771709182,0.727233832,0.681418306,0.955447286,1,0.967696261,0.935831132,0.891224477,0.812950042,0.616825025,0.602249781,0.572290184,0.877586123,0.932168539,0.934408529,0.908941124,0.871426241,0.770289328,0.617988107,0.554514956,0.482503442,0.527130375,0.753928319,0.811053707,0.79664011,0.769207991,0.710953272,0.645966282,0.494395593,0.25432569,0.151022998,0.416304356,0.541681334,0.527609637,0.413501628,0.163146831,0.115189446,0.126729526,0.103817263,0.116844509
0.694396389,0.675635014,0.608954573,0.7365151,0.683906415,0.753437976,0.779241913,0.82809602,0.817974168,0.80187516,0.798846844,0.775002078,0.714652792,0.667835489,0.838963845,0.905932678,0.94154107,0.921439575,0.878669978,0.851204494,0.789696942,0.721677575,0.660114139,0.885369325,0.967696261,1,0.977505058,0.931432178,0.861610389,0.665268458,0.624940415,0.572068714,0.802261633,0.910010175,0.958863502,0.95173776,0.923207368,0.827070172,0.671773544,0.587092733,0.491918031,0.489652273,0.768517126,0.846961271,0.851287373,0.834048123,0.779100464,0.706161077,0.540434836,0.277428291,0.139935691,0.462041045,0.602178565,0.612262101,0.494116284,0.193464508,0.123685617,0.122226539,0.116618118,0.113952265
0.731462789,0.721639244,0.660089824,0.768030162,0.726879243,0.770673868,0.777917561,0.845524754,0.856214716,0.849794541,0.846743175,0.817792223,0.753338643,0.701753445,0.833282357,0.886573026,0.941367462,0.955486504,0.930012332,0.891768062,0.817657335,0.756861689,0.688894815,0.867030935,0.935831132,0.977505058,1,0.978135964,0.885358293,0.665398643,0.626322172,0.578879529,0.774540988,0.883330712,0.941353009,0.963323505,0.943282632,0.83297674,0.663614745,0.575546985,0.48317896,0.462129635,0.747036189,0.833953022,0.850341667,0.836679909,0.77316603,0.693149147,0.516671199,0.255611187,0.130866092,0.44167807,0.588408084,0.599920823,0.461962347,0.1657113,0.111728483,0.110046637,0.099878251,0.106554058
0.751180488,0.73995465,0.68639724,0.794274364,0.765588735,0.796833736,0.799033898,0.862080099,0.878020928,0.878635927,0.884111653,0.86410421,0.805175284,0.761325274,0.831365041,0.876695482,0.931783955,0.961193357,0.957717016,0.940670034,0.877752399,0.814728566,0.750248855,0.834672891,0.891224477,0.931432178,0.978135964,1,0.933357374,0.730522337,0.694646652,0.649353882,0.728241344,0.820323071,0.881133756,0.928364847,0.943936391,0.868931842,0.717148019,0.635233724,0.547248469,0.422807612,0.677188295,0.77038079,0.809404294,0.825095705,0.789168225,0.730261695,0.564015159,0.298146539,0.115345929,0.385880858,0.531521849,0.570596223,0.47413474,0.181359663,0.109094723,0.095198653,0.087971384,0.099676403
0.667740783,0.635871711,0.585032011,0.744354973,0.711788902,0.768579952,0.811259813,0.832870316,0.816145644,0.809400594,0.833658225,0.843862348,0.800705151,0.786985335,0.782903262,0.85269842,0.894593403,0.887177052,0.885197286,0.944042447,0.940771398,0.839396531,0.793829013,0.744247363,0.812950042,0.861610389,0.885358293,0.933357374,1,0.913792273,0.868846255,0.79226526,0.64187921,0.711217904,0.780283404,0.837530256,0.91874073,0.964351072,0.898029238,0.832458299,0.737084988,0.39253936,0.573519557,0.669775787,0.745182214,0.824543226,0.873571344,0.881384681,0.767412908,0.497862028,0.104224178,0.336701842,0.468438663,0.573697203,0.622807174,0.336446248,0.181917343,0.095519877,0.113684062,0.12453836
0.487258396,0.446701316,0.411106839,0.579033047,0.554437202,0.621442419,0.700008779,0.674458386,0.630212974,0.617265567,0.65490341,0.694565457,0.680162257,0.699087599,0.616392884,0.700742568,0.723513932,0.683752875,0.681995227,0.801186803,0.864675091,0.742895721,0.727145766,0.545477099,0.616825025,0.665268458,0.665398643,0.730522337,0.913792273,1,0.954475221,0.846696451,0.461444812,0.497973047,0.562245689,0.616668297,0.741465243,0.909022392,0.972457123,0.945983555,0.863380826,0.301067533,0.380190879,0.461584161,0.552395627,0.676904332,0.810696544,0.905727457,0.892659005,0.707906961,0.095642887,0.227503354,0.320982265,0.467890072,0.688430757,0.531261645,0.331034881,0.087400619,0.129983704,0.1920772
0.519814995,0.483667314,0.454585729,0.611139458,0.5990154,0.657539452,0.724486598,0.690765739,0.64661987,0.635003878,0.672463419,0.722286863,0.728239251,0.768565075,0.643357556,0.704096913,0.707686714,0.670964889,0.674998648,0.791724377,0.870214771,0.791174173,0.79908585,0.55428648,0.602249781,0.624940415,0.626322172,0.694646652,0.868846255,0.954475221,1,0.9116317,0.45998025,0.467183558,0.513609588,0.562403919,0.681427879,0.846450303,0.920003391,0.949208505,0.906213004,0.273770984,0.326831704,0.399724048,0.480511031,0.599196098,0.734432298,0.845390029,0.858710196,0.708888104,0.081761208,0.165043585,0.246817769,0.373909231,0.59055526,0.485559265,0.305806353,0.075491991,0.091675739,0.151222513
0.546147021,0.516970897,0.50014075,0.643515379,0.636939089,0.685286964,0.734811763,0.696832405,0.65974961,0.64832268,0.681074584,0.73473709,0.760472318,0.832227988,0.654088693,0.689968745,0.676533522,0.648657308,0.660757464,0.764950603,0.839541551,0.810287894,0.861446451,0.547467512,0.572290184,0.572068714,0.578879529,0.649353882,0.79226526,0.846696451,0.9116317,1,0.441307798,0.422356901,0.454308718,0.499025745,0.605989004,0.749972393,0.80571628,0.848917317,0.884764765,0.235053679,0.265058573,0.329049004,0.397737579,0.502606659,0.625051807,0.73457832,0.763259192,0.650272291,0.070476228,0.104828864,0.171721762,0.269250678,0.455972575,0.394816613,0.251115105,0.073628025,0.059995456,0.100156919
0.544513106,0.534484987,0.49108464,0.541474837,0.536961132,0.611292719,0.572923248,0.612063613,0.613390754,0.612316394,0.610332779,0.599296574,0.556704175,0.558458857,0.733623435,0.722022021,0.701848996,0.698029,0.672854039,0.643491929,0.595086322,0.558866369,0.543487464,0.899075951,0.877586123,0.802261633,0.774540988,0.728241344,0.64187921,0.461444812,0.45998025,0.441307798,1,0.931255717,0.849616145,0.806626499,0.752678739,0.627337377,0.476981446,0.433570263,0.373662077,0.771842499,0.815485256,0.79194419,0.743980508,0.687880461,0.602200679,0.520466205,0.383107063,0.191810891,0.236254344,0.502499527,0.565187347,0.480057674,0.333147207,0.143564753,0.128228924,0.199524426,0.162065328,0.166436781
0.594876031,0.583251665,0.521848137,0.587683568,0.55946661,0.635501759,0.608636348,0.661260931,0.663054845,0.65860416,0.65482083,0.631318993,0.575586671,0.543666504,0.745809424,0.768053716,0.782740628,0.777268073,0.740902255,0.695145255,0.625594626,0.57463115,0.527126133,0.887753844,0.932168539,0.910010175,0.883330712,0.820323071,0.711217904,0.497973047,0.467183558,0.422356901,0.931255717,1,0.971452165,0.931871129,0.864233033,0.708148553,0.525364603,0.444875188,0.350861278,0.685260729,0.918097906,0.932934088,0.887912224,0.817509704,0.705286678,0.588489913,0.40782139,0.18374343,0.22369126,0.60957824,0.71243502,0.633124671,0.41558016,0.148441479,0.133557865,0.198006216,0.161739836,0.146054454
0.622039844,0.606257935,0.539144646,0.626322487,0.585349165,0.657243186,0.648394758,0.706628904,0.706753897,0.698988486,0.696259855,0.669600211,0.608004259,0.563192266,0.75269705,0.799925981,0.838245154,0.832028247,0.791828858,0.749735871,0.676047609,0.61006696,0.548233091,0.858219516,0.934408529,0.958863502,0.941353009,0.881133756,0.780283404,0.562245689,0.513609588,0.454308718,0.849616145,0.971452165,1,0.981673791,0.925965785,0.777721586,0.590844375,0.492962207,0.384033944,0.596964674,0.895747972,0.95013503,0.931916557,0.877404142,0.772772012,0.654201977,0.460568531,0.209536552,0.188423111,0.606627953,0.7360933,0.694132078,0.480694915,0.165087349,0.127870903,0.176938032,0.159170684,0.13042469
0.647992639,0.630219818,0.565612422,0.656088571,0.617535442,0.682952103,0.670954266,0.733841992,0.73879685,0.73399459,0.734867675,0.709919816,0.648271479,0.604533735,0.755906887,0.804526746,0.855907566,0.862927364,0.832619079,0.79844195,0.724926103,0.653817597,0.588676601,0.835989202,0.908941124,0.95173776,0.963323505,0.928364847,0.837530256,0.616668297,0.562403919,0.499025745,0.806626499,0.931871129,0.981673791,1,0.97088744,0.834451067,0.645219133,0.54064996,0.425138803,0.563049767,0.862199907,0.934740041,0.946836556,0.915814789,0.821593218,0.705294615,0.50368378,0.234653395,0.170347555,0.588938589,0.730003187,0.716973248,0.514482679,0.175582994,0.123752133,0.163327043,0.153757308,0.124899148
0.646434857,0.615913173,0.553945864,0.67304567,0.632096599,0.71271639,0.713120165,0.758376949,0.749626809,0.742235257,0.752995492,0.742428938,0.689287626,0.660852965,0.758545919,0.81641448,0.866825246,0.865017823,0.842913727,0.846607572,0.797699,0.709179715,0.651619205,0.79801671,0.871426241,0.923207368,0.943282632,0.943936391,0.91874073,0.741465243,0.681427879,0.605989004,0.752678739,0.864233033,0.925965785,0.97088744,1,0.93156706,0.775086916,0.670885606,0.544344222,0.531552078,0.790773894,0.875698034,0.92746158,0.950025268,0.908594372,0.823980101,0.633929527,0.335438194,0.152343284,0.545057344,0.688661997,0.735328377,0.614093276,0.245770075,0.139542607,0.155235263,0.166037708,0.132739325
0.57708301,0.532175335,0.480204113,0.640044266,0.596413132,0.69613807,0.73629635,0.739618618,0.702316049,0.687139105,0.711385607,0.726055034,0.692105357,0.688884745,0.712789359,0.789437674,0.826226569,0.795135023,0.777613475,0.844391938,0.849549712,0.735320026,0.698339198,0.691406934,0.770289328,0.827070172,0.83297674,0.868931842,0.964351072,0.909022392,0.846450303,0.749972393,0.627337377,0.708148553,0.777721586,0.834451067,0.93156706,1,0.943688893,0.862242341,0.735440631,0.441650481,0.617244503,0.70877264,0.797394576,0.892863443,0.954983526,0.955530599,0.832776855,0.542252014,0.128838384,0.419423564,0.549296349,0.677028898,0.740330197,0.411848471,0.228272944,0.137237381,0.181108455,0.176376178
0.457068136,0.409308648,0.370931919,0.539369728,0.501917249,0.60202358,0.672719873,0.642007385,0.587192765,0.568087693,0.600586435,0.634555548,0.620311906,0.639037004,0.600158617,0.685103938,0.707314456,0.656345475,0.642590373,0.751466343,0.804092535,0.679456679,0.665316955,0.541840484,0.617988107,0.671773544,0.663614745,0.717148019,0.898029238,0.972457123,0.920003391,0.80571628,0.476981446,0.525364603,0.590844375,0.645219133,0.775086916,0.943688893,1,0.960769265,0.851340977,0.342085467,0.432323854,0.514575973,0.613425902,0.746603942,0.884438923,0.9667575,0.935391556,0.719993443,0.117458,0.290895935,0.391093181,0.556064216,0.776106211,0.572285621,0.356801656,0.120255482,0.184626036,0.239109777
0.42945678,0.381085332,0.350730578,0.517424275,0.489472281,0.584180726,0.658337496,0.613896722,0.554492967,0.535304763,0.568715831,0.611294,0.611258368,0.653448088,0.576198672,0.646282931,0.649839488,0.596486584,0.587977806,0.707100373,0.780674502,0.675003878,0.687077656,0.500458084,0.554514956,0.587092733,0.575546985,0.635233724,0.832458299,0.945983555,0.949208505,0.848917317,0.433570263,0.444875188,0.492962207,0.54064996,0.670885606,0.862242341,0.960769265,1,0.933807703,0.304766748,0.339113261,0.408173671,0.499296868,0.635248721,0.794004541,0.915524975,0.950293924,0.809756207,0.107581043,0.210734735,0.289989075,0.445711776,0.716258063,0.616670101,0.411564894,0.10443611,0.155424314,0.242742767
0.402730132,0.362976084,0.347826054,0.504261313,0.490202521,0.567650301,0.637936512,0.585542941,0.531815251,0.514316599,0.545899097,0.594008401,0.607786878,0.67180595,0.546343616,0.597953357,0.58289858,0.536665305,0.537637745,0.657421581,0.742405987,0.668090472,0.710412927,0.451643743,0.482503442,0.491918031,0.48317896,0.547248469,0.737084988,0.863380826,0.906213004,0.884764765,0.373662077,0.350861278,0.384033944,0.425138803,0.544344222,0.735440631,0.851340977,0.933807703,1,0.233150527,0.229902355,0.287248749,0.363697952,0.487136927,0.645053709,0.790131514,0.885757817,0.844862252,0.091213573,0.119309873,0.175193022,0.300487325,0.577317213,0.594261731,0.426527708,0.086171723,0.105024489,0.204029634
0.251090152,0.23246233,0.203708524,0.226547273,0.216178601,0.268998856,0.249867494,0.278147601,0.272284308,0.270838699,0.273040761,0.272644164,0.248192375,0.272878226,0.363439743,0.370152998,0.366579832,0.354829734,0.332238528,0.330037048,0.306770098,0.259100273,0.257549671,0.538524241,0.527130375,0.489652273,0.462129635,0.422807612,0.39253936,0.301067533,0.273770984,0.235053679,0.771842499,0.685260729,0.596964674,0.563049767,0.531552078,0.441650481,0.342085467,0.304766748,0.233150527,1,0.765626021,0.663485329,0.624679586,0.576402099,0.49621395,0.407933228,0.310149975,0.181102963,0.526535337,0.696408163,0.635342352,0.508350741,0.370066335,0.207907991,0.177174206,0.367473082,0.279839054,0.232917831
0.434126792,0.415244942,0.355171241,0.400835734,0.36898543,0.440836952,0.41300086,0.46690215,0.46674135,0.463416055,0.461583498,0.437817086,0.385683919,0.354540466,0.53851405,0.569685228,0.604401075,0.599023503,0.55991177,0.516507685,0.446856117,0.386051334,0.335595875,0.701563179,0.753928319,0.768517126,0.747036189,0.677188295,0.573519557,0.380190879,0.326831704,0.265058573,0.815485256,0.918097906,0.895747972,0.862199907,0.790773894,0.617244503,0.432323854,0.339113261,0.229902355,0.765626021,1,0.974165407,0.927104021,0.83753383,0.69103752,0.531360552,0.339370892,0.141956581,0.335513181,0.84554385,0.903689887,0.780902826,0.465224012,0.151782434,0.143725105,0.327219218,0.264913006,0.158278242
0.505519412,0.484022831,0.418485728,0.483339838,0.444135037,0.520122563,0.497582079,0.556005343,0.555330984,0.550221121,0.548915436,0.521496559,0.462900178,0.420760014,0.607611497,0.650646352,0.696671325,0.692529728,0.652537556,0.609732929,0.534394593,0.464790389,0.402714406,0.740086548,0.811053707,0.846961271,0.833953022,0.77038079,0.669775787,0.461584161,0.399724048,0.329049004,0.79194419,0.932934088,0.95013503,0.934740041,0.875698034,0.70877264,0.514575973,0.408173671,0.287248749,0.663485329,0.974165407,1,0.977626003,0.905701225,0.769240452,0.612139722,0.404976094,0.171468969,0.261878197,0.785916659,0.892121119,0.818094735,0.519085309,0.165000842,0.136436326,0.273488576,0.243874709,0.147724891
0.521896336,0.491491294,0.427626048,0.50985492,0.468421744,0.550099457,0.535825051,0.589283984,0.582684377,0.576077654,0.580672888,0.559519814,0.503194759,0.464657306,0.618877855,0.673226714,0.726133068,0.719648087,0.683827419,0.662011224,0.596378028,0.513140319,0.449171931,0.720713213,0.79664011,0.851287373,0.850341667,0.809404294,0.745182214,0.552395627,0.480511031,0.397737579,0.743980508,0.887912224,0.931916557,0.946836556,0.92746158,0.797394576,0.613425902,0.499296868,0.363697952,0.624679586,0.927104021,0.977626003,1,0.969068387,0.861464511,0.714303774,0.501847364,0.229628017,0.239923357,0.765273746,0.888396271,0.87448092,0.61713197,0.208151115,0.135322469,0.268978433,0.264693997,0.154493204
0.52613915,0.483621273,0.422790098,0.533473569,0.48853438,0.584988241,0.586018219,0.622872,0.602219344,0.59169997,0.604549718,0.595804318,0.546787511,0.519564021,0.630462875,0.696851614,0.748584019,0.730668385,0.699586304,0.712299565,0.669754195,0.569706711,0.510781748,0.69061996,0.769207991,0.834048123,0.836679909,0.825095705,0.824543226,0.676904332,0.599196098,0.502606659,0.687880461,0.817509704,0.877404142,0.915814789,0.950025268,0.892863443,0.746603942,0.635248721,0.487136927,0.576402099,0.83753383,0.905701225,0.969068387,1,0.954103287,0.842992774,0.646510593,0.34233902,0.213933012,0.696040965,0.826174699,0.891009035,0.739038741,0.299690584,0.16658099,0.255273043,0.286194212,0.184317634
0.496126818,0.44389287,0.388930259,0.533767485,0.484159329,0.599367002,0.628438206,0.634479544,0.59240315,0.575314353,0.596853413,0.605322284,0.569215245,0.559219699,0.621265937,0.700416135,0.742191954,0.702849906,0.674901676,0.731070351,0.725952317,0.608336677,0.563717936,0.62897734,0.710953272,0.779100464,0.77316603,0.789168225,0.873571344,0.810696544,0.734432298,0.625051807,0.602200679,0.705286678,0.772772012,0.821593218,0.908594372,0.954983526,0.884438923,0.794004541,0.645053709,0.49621395,0.69103752,0.769240452,0.861464511,0.954103287,1,0.959666603,0.817789586,0.514829491,0.182882677,0.563932636,0.688539672,0.830336725,0.850743091,0.448646554,0.254748443,0.225673034,0.296904676,0.243796418
0.460805234,0.407568479,0.36285939,0.527078192,0.48046778,0.59796479,0.654368186,0.632454789,0.576479003,0.555518804,0.58318728,0.607295866,0.585525918,0.593575658,0.603957963,0.687590131,0.714663323,0.661433247,0.638858686,0.729411779,0.760934034,0.637285798,0.612393574,0.567712635,0.645966282,0.706161077,0.693149147,0.730261695,0.881384681,0.905727457,0.845390029,0.73457832,0.520466205,0.588489913,0.654201977,0.705294615,0.823980101,0.955530599,0.9667575,0.915524975,0.790131514,0.407933228,0.531360552,0.612139722,0.714303774,0.842992774,0.959666603,1,0.934792961,0.6796415,0.152387957,0.403510424,0.51475627,0.691331544,0.864489314,0.574960795,0.353545895,0.175519972,0.260192162,0.281848206
0.34922269,0.298176144,0.26814098,0.43631174,0.393468773,0.507508005,0.590289596,0.538484407,0.469899939,0.445263176,0.474734699,0.511299092,0.506981029,0.536265015,0.500442726,0.580252465,0.586959986,0.520852529,0.502706461,0.618589064,0.686338747,0.567281758,0.569446577,0.430583985,0.494395593,0.540434836,0.516671199,0.564015159,0.767412908,0.892659005,0.858710196,0.763259192,0.383107063,0.40782139,0.460568531,0.50368378,0.633929527,0.832776855,0.935391556,0.950293924,0.885757817,0.310149975,0.339370892,0.404976094,0.501847364,0.646510593,0.817789586,0.934792961,1,0.867422367,0.149559821,0.253150549,0.328666095,0.513990458,0.833076588,0.747060534,0.531955032,0.155820262,0.249466284,0.370706674
0.174719861,0.14059848,0.128019342,0.254882536,0.226896303,0.309015473,0.392551091,0.328562395,0.268089674,0.247611506,0.272234485,0.311436724,0.323947864,0.369599064,0.290515583,0.347373554,0.337921225,0.281314692,0.272748314,0.382556988,0.469610844,0.38058164,0.409756321,0.217511629,0.25432569,0.277428291,0.255611187,0.298146539,0.497862028,0.707906961,0.708888104,0.650272291,0.191810891,0.18374343,0.209536552,0.234653395,0.335438194,0.542252014,0.719993443,0.809756207,0.844862252,0.181102963,0.141956581,0.171468969,0.229628017,0.34233902,0.514829491,0.6796415,0.867422367,1,0.153108366,0.121248506,0.140851352,0.265182366,0.640836289,0.881306125,0.770422327,0.138271832,0.214976824,0.467731915
0.125793561,0.162759426,0.183617438,0.142349153,0.155566503,0.109663292,0.107523431,0.110912662,0.128127861,0.133224264,0.125832486,0.117202673,0.11789788,0.10488233,0.110586027,0.10868469,0.109186372,0.113748869,0.115421373,0.099009179,0.090335849,0.105238372,0.104453632,0.139031559,0.151022998,0.139935691,0.130866092,0.115345929,0.104224178,0.095642887,0.081761208,0.070476228,0.236254344,0.22369126,0.188423111,0.170347555,0.152343284,0.128838384,0.117458,0.107581043,0.091213573,0.526535337,0.335513181,0.261878197,0.239923357,0.213933012,0.182882677,0.152387957,0.149559821,0.153108366,1,0.539265942,0.393370937,0.311784251,0.271673818,0.266850524,0.272645288,0.784373429,0.546406047,0.416807491
0.188148736,0.166498194,0.129933541,0.156270079,0.129769098,0.172281799,0.163888518,0.198571424,0.193077222,0.189013557,0.190736143,0.177451804,0.147128068,0.129748891,0.232184101,0.271802692,0.311390659,0.298861285,0.266490337,0.248844351,0.20595901,0.151425314,0.117695622,0.363012001,0.416304356,0.462041045,0.44167807,0.385880858,0.336701842,0.227503354,0.165043585,0.104828864,0.502499527,0.60957824,0.606627953,0.588938589,0.545057344,0.419423564,0.290895935,0.210734735,0.119309873,0.696408163,0.84554385,0.785916659,0.765273746,0.696040965,0.563932636,0.403510424,0.253150549,0.121248506,0.539265942,1,0.958609975,0.840190386,0.506554763,0.170591122,0.137465637,0.604403143,0.496187949,0.205963631
0.294827998,0.26679923,0.216814965,0.261054664,0.226099955,0.284857071,0.272966411,0.318471601,0.312375336,0.307198629,0.309190515,0.288484525,0.245001228,0.212632394,0.348790786,0.397998714,0.449376929,0.438947378,0.401735387,0.376651972,0.318769208,0.249967306,0.198244069,0.473967594,0.541681334,0.602178565,0.588408084,0.531521849,0.468438663,0.320982265,0.246817769,0.171721762,0.565187347,0.71243502,0.7360933,0.730003187,0.688661997,0.549296349,0.391093181,0.289989075,0.175193022,0.635342352,0.903689887,0.892121119,0.888396271,0.826174699,0.688539672,0.51475627,0.328666095,0.140851352,0.393370937,0.958609975,1,0.924697784,0.574019122,0.174987344,0.129109666,0.48450685,0.435909492,0.181293699
0.311173825,0.270004864,0.219791299,0.298491118,0.255415845,0.336801759,0.343038022,0.373618599,0.350450983,0.339637986,0.348793489,0.33513228,0.292700724,0.259834123,0.37711475,0.445658627,0.502346335,0.476089015,0.438953861,0.445558384,0.40479093,0.310247997,0.253187727,0.446518638,0.527609637,0.612262101,0.599920823,0.570596223,0.573697203,0.467890072,0.373909231,0.269250678,0.480057674,0.633124671,0.694132078,0.716973248,0.735328377,0.677028898,0.556064216,0.445711776,0.300487325,0.508350741,0.780902826,0.818094735,0.87448092,0.891009035,0.830336725,0.691331544,0.513990458,0.265182366,0.311784251,0.840190386,0.924697784,1,0.789642653,0.312696156,0.180931197,0.463862681,0.524145194,0.276857325
0.237887465,0.188712638,0.153687864,0.278294463,0.229589834,0.337480876,0.398635718,0.37466441,0.315707325,0.2939921,0.314233293,0.326260888,0.303345473,0.296595418,0.348594658,0.436076178,0.469877928,0.40538361,0.37216732,0.448318528,0.472396716,0.346745218,0.313720489,0.333266981,0.413501628,0.494116284,0.461962347,0.47413474,0.622807174,0.688430757,0.59055526,0.455972575,0.333147207,0.41558016,0.480694915,0.514482679,0.614093276,0.740330197,0.776106211,0.716258063,0.577317213,0.370066335,0.465224012,0.519085309,0.61713197,0.739038741,0.850743091,0.864489314,0.833076588,0.640836289,0.271673818,0.506554763,0.574019122,0.789642653,1,0.714487372,0.491149645,0.389049439,0.560762908,0.538792238
0.077947373,0.065150603,0.058441414,0.123249624,0.096581548,0.1652975,0.232035927,0.181681723,0.132936497,0.117753159,0.130646249,0.148622882,0.147873668,0.16378056,0.160582684,0.211488704,0.212600729,0.160220181,0.144678437,0.214475611,0.271497405,0.18581091,0.191648859,0.126040581,0.163146831,0.193464508,0.1657113,0.181359663,0.336446248,0.531261645,0.485559265,0.394816613,0.143564753,0.148441479,0.165087349,0.175582994,0.245770075,0.411848471,0.572285621,0.616670101,0.594261731,0.207907991,0.151782434,0.165000842,0.208151115,0.299690584,0.448646554,0.574960795,0.747060534,0.881306125,0.266850524,0.170591122,0.174987344,0.312696156,0.714487372,1,0.927864374,0.281960196,0.437681857,0.770210756
