1,0.822594555,0.720190579,0.640860043,0.814488943,0.633518914,0.734513339,0.59536691,0.72144765,0.352714502,0.702527328,0.719419886,0.753430812,0.29068433,0.628073239,0.117685822,0.354107691,0.136689082,0.35058209,0.662754278,0.72601826,0.425027623,0.689030927,0.424643048,0.12764979,0.26325019,0.39112704,0.46739686,0.548044355,0.407522791,0.435427919,0.443765962,0.553483131,0.601543035,0.118701472,0.535086821,0.640433751,0.500193798,0.418066291,0.103370084,0.526152654,0.390672105,0.424275285,0.199113662,0.426558315,0.541167782,0.49800868,0.342247699,0.2984654,0.513426248,0.483158193,0.489003282,0.415131114,0.531270414,0.534103412,0.423030582,0.533626407,0.470295562,0.532000418,0.543238697
0.822594555,1,0.826367471,0.411410484,0.762807146,0.686035355,0.701430908,0.510243435,0.7322957,0.289706033,0.744533547,0.709719592,0.800583298,0.300368783,0.556675189,0.072818782,0.258029009,0.195091552,0.452502133,0.618936987,0.717232774,0.510294042,0.651427045,0.539975167,0.162867525,0.357767932,0.498943169,0.5724489,0.513728762,0.504194644,0.514839386,0.423618718,0.530535199,0.619836962,0.130418835,0.464672176,0.642195606,0.532749738,0.438496177,0.076981825,0.594202979,0.299009096,0.341885512,0.257643143,0.539576076,0.563628582,0.59617784,0.38743235,0.343169567,0.606093726,0.586089479,0.596835473,0.52081922,0.631721581,0.627093887,0.485578661,0.626991466,0.570606764,0.62693454,0.632789316
0.720190579,0.826367471,1,0.500304776,0.76955965,0.472154151,0.576404963,0.56623983,0.611702991,0.428839004,0.633414014,0.723954145,0.641442907,0.198088655,0.414237757,0.093707821,0.343198616,0.117057542,0.250429579,0.613200903,0.606362817,0.317767207,0.602350124,0.304425282,0.085295047,0.180933169,0.280222796,0.347360183,0.400668355,0.404440184,0.407732961,0.311629657,0.382457107,0.430363121,0.117414219,0.469825662,0.461646454,0.301680844,0.229282655,0.137090302,0.357204082,0.254952242,0.307147228,0.200997032,0.347943084,0.358471938,0.459138917,0.406095501,0.359620565,0.441358597,0.407849856,0.399642809,0.357860504,0.428670294,0.465756167,0.471638016,0.46592771,0.433657759,0.455554213,0.4708585
0.640860043,0.411410484,0.500304776,1,0.638069143,0.324322117,0.571942228,0.700378254,0.49674547,0.571582679,0.44229226,0.544451425,0.418155749,0.148942116,0.494749534,0.380786719,0.637540137,0.160027043,0.113280469,0.551920378,0.440579025,0.141462431,0.443085357,0.111689012,0.165529284,0.095994688,0.114261472,0.157228041,0.334893453,0.225293139,0.253856797,0.250810897,0.366580404,0.352728663,0.24872561,0.583239366,0.371147019,0.188091754,0.147505407,0.193623553,0.174867336,0.329153746,0.388715791,0.169909763,0.145791752,0.260088821,0.252416475,0.315176486,0.253423225,0.244992999,0.208093553,0.190390844,0.171856771,0.207536813,0.253854137,0.31902139,0.252370199,0.230805655,0.242410898,0.262611623
0.814488943,0.762807146,0.76955965,0.638069143,1,0.604598152,0.76176905,0.706013921,0.798819513,0.522353798,0.812147684,0.857549298,0.798443798,0.245912776,0.56288169,0.128562513,0.417377846,0.1532793,0.337094002,0.790034079,0.77338518,0.406956092,0.686042802,0.391438055,0.127328271,0.246367993,0.370702925,0.45549668,0.533171143,0.473206724,0.483914828,0.435437401,0.524900083,0.564592095,0.150120417,0.579503102,0.615227001,0.430539425,0.338982225,0.145066193,0.485265374,0.379434345,0.417848408,0.234709049,0.426604868,0.476177967,0.541475127,0.440108063,0.380908735,0.530155117,0.464868826,0.469630921,0.404914303,0.531183229,0.55953666,0.512152272,0.560458436,0.472254546,0.538543553,0.561235956
0.633518914,0.686035355,0.472154151,0.324322117,0.604598152,1,0.787550739,0.481187347,0.813701814,0.226420183,0.798076922,0.567174937,0.767598637,0.411689219,0.726674707,0.112979299,0.249176739,0.306781748,0.651352483,0.579938321,0.673366903,0.698401878,0.516393842,0.725275889,0.237720956,0.52063471,0.703751545,0.779719208,0.55251797,0.623997711,0.639504018,0.431788819,0.632132085,0.740546438,0.174144714,0.468131246,0.774906988,0.699560724,0.577659215,0.06712754,0.734392725,0.272117986,0.33662487,0.295622336,0.696587332,0.700281543,0.718777034,0.392289485,0.347293573,0.751956986,0.730887669,0.76469834,0.667155923,0.800589594,0.77714899,0.536016507,0.778578872,0.688058981,0.776323014,0.77788357
0.734513339,0.701430908,0.576404963,0.571942228,0.76176905,0.787550739,1,0.73374066,0.884936653,0.388392564,0.818387053,0.676651119,0.784107653,0.255029195,0.764024832,0.179725095,0.469411321,0.197955903,0.450743029,0.683099887,0.698309562,0.522839125,0.593079051,0.510676106,0.164872948,0.339629127,0.504977634,0.596818649,0.534984402,0.564489839,0.578712372,0.429616411,0.666443636,0.725143701,0.1390863,0.59661413,0.732776096,0.555679574,0.432043837,0.113183774,0.598310844,0.365062109,0.421125941,0.217798268,0.519438684,0.613898989,0.622209785,0.447069995,0.401061585,0.630691668,0.560152669,0.582704766,0.500647526,0.638542403,0.663468732,0.53848639,0.663805961,0.543148841,0.630989253,0.655341924
0.59536691,0.510243435,0.56623983,0.700378254,0.706013921,0.481187347,0.73374066,1,0.746131429,0.747411827,0.671007859,0.707953618,0.501123156,0.106195232,0.56942239,0.366842358,0.810631201,0.228711262,0.203731127,0.747622703,0.547499309,0.232393423,0.383633013,0.19881538,0.1589862,0.153860618,0.225783516,0.287385301,0.41438553,0.389314518,0.408248014,0.201769253,0.464627224,0.484901622,0.261890445,0.731285842,0.515172645,0.253483655,0.15940632,0.212747993,0.235191798,0.328384935,0.445243456,0.201253593,0.249484474,0.355916811,0.417998782,0.46728203,0.378215759,0.387568597,0.2875717,0.287935302,0.234026575,0.347154959,0.409110999,0.470608847,0.409460355,0.312017917,0.369809847,0.405283635
0.72144765,0.7322957,0.611702991,0.49674547,0.798819513,0.813701814,0.884936653,0.746131429,1,0.470047169,0.945224489,0.776211151,0.819868276,0.289072734,0.714187344,0.14097686,0.473384427,0.25431472,0.538384164,0.806073019,0.782011735,0.586534079,0.565531574,0.564720051,0.165884668,0.385613774,0.582728613,0.684959209,0.621589458,0.637383777,0.637962081,0.393815779,0.683292493,0.741667579,0.159523849,0.666763034,0.820142497,0.622745333,0.470351176,0.121927751,0.613190614,0.38732829,0.473427832,0.244992947,0.574840584,0.682961588,0.690845668,0.486066937,0.411421033,0.69889525,0.593906948,0.62277495,0.522765722,0.704414137,0.724995394,0.582762673,0.72807067,0.576786915,0.687165853,0.713358172
0.352714502,0.289706033,0.428839004,0.571582679,0.522353798,0.226420183,0.388392564,0.747411827,0.470047169,1,0.457903862,0.61214559,0.286716629,0.227935322,0.263995782,0.446777872,0.713860997,0.496574833,0.280883486,0.649481002,0.374871681,0.172194153,0.234877142,0.125330898,0.313592293,0.250024033,0.221810883,0.218376735,0.296038666,0.260207496,0.245347628,0.114961557,0.205689212,0.219113472,0.476757234,0.604019532,0.267516167,0.138385036,0.119208801,0.240326362,0.120831189,0.231220389,0.322164463,0.377168343,0.199661491,0.167326956,0.240541809,0.318664427,0.264982359,0.183435977,0.135190435,0.139148565,0.158192231,0.1738586,0.199854273,0.287921446,0.199902614,0.143146994,0.169546657,0.190014381
0.702527328,0.744533547,0.633414014,0.44229226,0.812147684,0.798076922,0.818387053,0.671007859,0.945224489,0.457903862,1,0.830073123,0.843376493,0.296473943,0.637765545,0.100889011,0.380390716,0.250635115,0.55481089,0.828135049,0.824778245,0.597929333,0.60334378,0.588302878,0.177275457,0.408765501,0.590972466,0.695601163,0.640950842,0.646087334,0.63639554,0.43241106,0.612331341,0.685813805,0.164754526,0.608830682,0.794513253,0.623558906,0.4865311,0.12517396,0.639419636,0.34307807,0.415339508,0.270653826,0.603421255,0.656848127,0.705816003,0.48490102,0.413446254,0.705641842,0.617162761,0.644819453,0.545784142,0.723148101,0.735691943,0.58492363,0.738851314,0.599564823,0.703255437,0.72516209
0.719419886,0.709719592,0.723954145,0.544451425,0.857549298,0.567174937,0.676651119,0.707953618,0.776211151,0.61214559,0.830073123,1,0.751173307,0.20044379,0.456427398,0.12140845,0.409751042,0.185191588,0.333058343,0.884449286,0.833117064,0.357883971,0.656046278,0.369234948,0.148938334,0.259096592,0.354738611,0.43302864,0.614803181,0.41736226,0.414160721,0.435723461,0.390530366,0.464224146,0.180696393,0.584489864,0.594767916,0.423219618,0.347532245,0.141942506,0.458496819,0.271935464,0.336319383,0.260378017,0.409489021,0.442740526,0.497259066,0.389570909,0.323677155,0.466757904,0.434767345,0.44067323,0.373329498,0.494134824,0.505965143,0.457844415,0.506674686,0.441621267,0.491339772,0.51136313
0.753430812,0.800583298,0.641442907,0.418155749,0.798443798,0.767598637,0.784107653,0.501123156,0.819868276,0.286716629,0.843376493,0.751173307,1,0.393184405,0.633707401,0.097191401,0.241055457,0.260955938,0.570797239,0.683842339,0.811920835,0.622252702,0.720522114,0.635745793,0.212854666,0.441942546,0.607068894,0.691322501,0.609933189,0.565303871,0.570675229,0.55328848,0.610098474,0.703477025,0.1513879,0.483305498,0.746365993,0.670072288,0.580973097,0.109907944,0.740366666,0.33043953,0.358070184,0.281773164,0.616450851,0.665091146,0.649066667,0.380606904,0.335021658,0.664080941,0.648738383,0.673227537,0.576523831,0.717652666,0.691560819,0.489030097,0.69316117,0.621937246,0.691234097,0.692948317
0.29068433,0.300368783,0.198088655,0.148942116,0.245912776,0.411689219,0.255029195,0.106195232,0.289072734,0.227935322,0.296473943,0.20044379,0.393184405,1,0.314319722,0.296906318,0.089492808,0.56378314,0.681553768,0.182888763,0.279291168,0.710224451,0.270099545,0.545133298,0.336561327,0.537660037,0.618725235,0.589530431,0.242763929,0.424940742,0.461026248,0.223294376,0.366751901,0.407532938,0.266489991,0.120751363,0.372433533,0.518827555,0.494375416,0.130697423,0.461413717,0.233283974,0.220231372,0.317438073,0.518183132,0.440655797,0.376906081,0.157785271,0.147886691,0.437768037,0.424969057,0.443956787,0.46574137,0.4458943,0.392949771,0.197089364,0.393392265,0.338219009,0.394877725,0.374612596
0.628073239,0.556675189,0.414237757,0.494749534,0.56288169,0.726674707,0.764024832,0.56942239,0.714187344,0.263995782,0.637765545,0.456427398,0.633707401,0.314319722,1,0.157747434,0.445562826,0.15888459,0.422476945,0.486326797,0.50715934,0.539725593,0.392075463,0.462912183,0.118763383,0.268241045,0.465976687,0.554960741,0.386990819,0.541935463,0.574690001,0.290239458,0.713653919,0.774741332,0.119145222,0.514631609,0.642800279,0.496761127,0.379783948,0.110038565,0.510480747,0.352812831,0.411382346,0.164669985,0.464621333,0.552999713,0.596815905,0.432924074,0.386087418,0.599337325,0.535687622,0.554806028,0.464093003,0.604804645,0.613597155,0.501634158,0.613033489,0.540761784,0.612987934,0.620298883
0.117685822,0.072818782,0.093707821,0.380786719,0.128562513,0.112979299,0.179725095,0.366842358,0.14097686,0.446777872,0.100889011,0.12140845,0.097191401,0.296906318,0.157747434,1,0.674490087,0.647945755,0.345429501,0.166172304,0.128907537,0.15609651,0.132781593,0.298102672,0.772712865,0.55220648,0.325828013,0.220088802,0.172058956,0.086440129,0.074357915,0.183368784,0.122046205,0.113630464,0.675744213,0.283695494,0.138549023,0.220453825,0.291929503,0.315087566,0.174299291,0.171310432,0.211711044,0.425519161,0.231437563,0.152852382,0.083141453,0.1273777,0.090380984,0.066943536,0.127939207,0.132545699,0.17377815,0.107721481,0.066269819,0.066034378,0.066886321,0.094589322,0.077419679,0.063020222
0.354107691,0.258029009,0.343198616,0.637540137,0.417377846,0.249176739,0.469411321,0.810631201,0.473384427,0.713860997,0.380390716,0.409751042,0.241055457,0.089492808,0.445562826,0.674490087,1,0.376399059,0.151429672,0.510046874,0.286112237,0.104674359,0.168083387,0.093536624,0.400080834,0.223815942,0.165262161,0.164076684,0.269419174,0.246361654,0.259342559,0.082324422,0.376304517,0.367457988,0.498010282,0.691468528,0.337847005,0.145885039,0.108219553,0.293219549,0.073917915,0.303564109,0.441967714,0.274445325,0.128030281,0.235687502,0.2329144,0.373150439,0.277015984,0.188989147,0.117387408,0.115945628,0.098189411,0.154927581,0.195424496,0.30314694,0.195872609,0.142381067,0.168818863,0.190215724
0.136689082,0.195091552,0.117057542,0.160027043,0.1532793,0.306781748,0.197955903,0.228711262,0.25431472,0.496574833,0.250635115,0.185191588,0.260955938,0.56378314,0.15888459,0.647945755,0.376399059,1,0.810236148,0.209045238,0.22387139,0.515127165,0.189045569,0.58905727,0.739377888,0.848025126,0.751966021,0.630740669,0.202563055,0.36959496,0.311604739,0.25771797,0.149631728,0.225588246,0.751915001,0.182279301,0.256975273,0.420117104,0.447460432,0.187130772,0.428240046,0.111218052,0.129543813,0.693953926,0.614094747,0.276937339,0.369466989,0.178615252,0.162531448,0.314898676,0.413444704,0.44167879,0.512971562,0.414200839,0.319859589,0.166100059,0.319594227,0.340608925,0.338945998,0.301893154
0.35058209,0.452502133,0.250429579,0.113280469,0.337094002,0.651352483,0.450743029,0.203731127,0.538384164,0.280883486,0.55481089,0.333058343,0.570797239,0.681553768,0.422476945,0.345429501,0.151429672,0.810236148,1,0.351806612,0.472916701,0.818928951,0.362738944,0.820474713,0.539920379,0.858604505,0.958446329,0.932253134,0.391423345,0.649077218,0.600433146,0.38260002,0.419059633,0.534551924,0.480767924,0.216164522,0.566966381,0.692752793,0.636711451,0.11416195,0.700233741,0.186201376,0.202755097,0.560243779,0.833462524,0.572723738,0.664871538,0.299957339,0.277167368,0.648079165,0.69219794,0.734443888,0.73427138,0.739960854,0.650870486,0.367263218,0.651421054,0.605537488,0.660735838,0.62804333
0.662754278,0.618936987,0.613200903,0.551920378,0.790034079,0.579938321,0.683099887,0.747622703,0.806073019,0.649481002,0.828135049,0.884449286,0.683842339,0.182888763,0.486326797,0.166172304,0.510046874,0.209045238,0.351806612,1,0.873961535,0.364515726,0.567700559,0.359101659,0.149471862,0.25983762,0.375156356,0.46758359,0.778158219,0.420095009,0.408132534,0.410203792,0.454419569,0.513284505,0.200970057,0.757958934,0.721472159,0.522597653,0.4267184,0.161589782,0.456324223,0.327079886,0.462169142,0.234262834,0.39087211,0.565960787,0.476695562,0.351202983,0.277456821,0.452401472,0.396212085,0.410781234,0.328937271,0.4851138,0.488525414,0.405479931,0.491087981,0.387452376,0.461603241,0.482360135
0.72601826,0.717232774,0.606362817,0.440579025,0.77338518,0.673366903,0.698309562,0.547499309,0.782011735,0.374871681,0.824778245,0.833117064,0.811920835,0.279291168,0.50715934,0.128907537,0.286112237,0.22387139,0.472916701,0.873961535,1,0.484903622,0.763241605,0.531041697,0.223496544,0.388300579,0.498778462,0.585940154,0.843825685,0.442674869,0.432976453,0.650302701,0.448811959,0.550243134,0.16271865,0.567229769,0.777064407,0.699795898,0.653843019,0.184291265,0.670470117,0.26048862,0.350366678,0.245219065,0.506053964,0.664043126,0.51451739,0.287459236,0.224947084,0.50870489,0.536983025,0.552775773,0.450548772,0.588140122,0.546666699,0.358824661,0.547862066,0.501835016,0.547421858,0.546091157
0.425027623,0.510294042,0.317767207,0.141462431,0.406956092,0.698401878,0.522839125,0.232393423,0.586534079,0.172194153,0.597929333,0.357883971,0.622252702,0.710224451,0.539725593,0.15609651,0.104674359,0.515127165,0.818928951,0.364515726,0.484903622,1,0.348899733,0.737147363,0.303859233,0.627722725,0.812314262,0.840694927,0.357378582,0.765158005,0.779450007,0.298443606,0.587463544,0.646799454,0.250686669,0.258760573,0.605117606,0.650268685,0.548038591,0.10138968,0.650944694,0.304363505,0.310614091,0.375015918,0.748385373,0.598281409,0.720313165,0.409200057,0.393505231,0.764005027,0.659054566,0.701126881,0.678407021,0.754963781,0.737875733,0.497471027,0.738605889,0.591530785,0.708329409,0.707105285
0.689030927,0.651427045,0.602350124,0.443085357,0.686042802,0.516393842,0.593079051,0.383633013,0.565531574,0.234877142,0.60334378,0.656046278,0.720522114,0.270099545,0.392075463,0.132781593,0.168083387,0.189045569,0.362738944,0.567700559,0.763241605,0.348899733,1,0.429653098,0.251676996,0.347412537,0.382489547,0.434401682,0.588370547,0.306101736,0.306492506,0.784032523,0.296878897,0.372921403,0.159945142,0.343909813,0.54494911,0.513286679,0.521695279,0.179406305,0.610860311,0.175043961,0.192149461,0.241812677,0.416437803,0.469157917,0.385185668,0.218193197,0.190950927,0.388536576,0.477884393,0.475026498,0.424145529,0.446089628,0.417721376,0.278208226,0.416371377,0.449405406,0.427392538,0.417869115
0.424643048,0.539975167,0.304425282,0.111689012,0.391438055,0.725275889,0.510676106,0.19881538,0.564720051,0.125330898,0.588302878,0.369234948,0.635745793,0.545133298,0.462912183,0.298102672,0.093536624,0.58905727,0.820474713,0.359101659,0.531041697,0.737147363,0.429653098,1,0.556355379,0.805040374,0.860871716,0.843422326,0.441916266,0.561695319,0.546404406,0.450027883,0.483500329,0.59411139,0.406386827,0.240856833,0.622794772,0.7196218,0.656613326,0.07910917,0.7611603,0.220294367,0.250459471,0.497500315,0.810451481,0.634481329,0.650721174,0.267673813,0.240492047,0.678764026,0.745363809,0.786857989,0.733803716,0.779508265,0.692290992,0.387855605,0.694554975,0.653143115,0.710470499,0.683231039
0.12764979,0.162867525,0.085295047,0.165529284,0.127328271,0.237720956,0.164872948,0.1589862,0.165884668,0.313592293,0.177275457,0.148938334,0.212854666,0.336561327,0.118763383,0.772712865,0.400080834,0.739377888,0.539920379,0.149471862,0.223496544,0.303859233,0.251676996,0.556355379,1,0.820605441,0.553274923,0.428597745,0.230437,0.190936647,0.159018085,0.377452357,0.139418081,0.186930183,0.854022381,0.175981619,0.210640373,0.375502563,0.450402714,0.262477263,0.402492489,0.148844355,0.18350289,0.679229727,0.505490513,0.239186588,0.237655078,0.134194483,0.112077248,0.194882302,0.333819687,0.356209301,0.413033858,0.306577238,0.215359379,0.106472587,0.214672602,0.250732844,0.234095968,0.202743316
0.26325019,0.357767932,0.180933169,0.095994688,0.246367993,0.52063471,0.339629127,0.153860618,0.385613774,0.250024033,0.408765501,0.259096592,0.441942546,0.537660037,0.268241045,0.55220648,0.223815942,0.848025126,0.858604505,0.25983762,0.388300579,0.627722725,0.347412537,0.805040374,0.820605441,1,0.893016135,0.788240701,0.348965138,0.464333249,0.415585185,0.423899529,0.28503583,0.393626756,0.739276461,0.199083383,0.456787973,0.612633321,0.60544608,0.151878862,0.644144903,0.164141432,0.195275524,0.723149931,0.810855282,0.47413736,0.541270172,0.2296008,0.213078232,0.501602624,0.617760035,0.658567779,0.691946471,0.636408247,0.52396134,0.277013331,0.524177024,0.515398007,0.543260804,0.504267307
0.39112704,0.498943169,0.280222796,0.114261472,0.370702925,0.703751545,0.504977634,0.225783516,0.582728613,0.221810883,0.590972466,0.354738611,0.607068894,0.618725235,0.465976687,0.325828013,0.165262161,0.751966021,0.958446329,0.375156356,0.498778462,0.812314262,0.382489547,0.860871716,0.553274923,0.893016135,1,0.965178686,0.428622334,0.674100535,0.627176186,0.394166616,0.482960971,0.604911916,0.503596462,0.293948455,0.649081029,0.732568652,0.646957995,0.103926563,0.72971695,0.233718513,0.266793861,0.590952216,0.898794008,0.641317021,0.738978849,0.353744643,0.319888117,0.706054809,0.742152846,0.790482208,0.778526757,0.816628299,0.72288926,0.434682513,0.723488483,0.657718083,0.728228544,0.697903416
0.46739686,0.5724489,0.347360183,0.157228041,0.45549668,0.779719208,0.596818649,0.287385301,0.684959209,0.218376735,0.695601163,0.43302864,0.691322501,0.589530431,0.554960741,0.220088802,0.164076684,0.630740669,0.932253134,0.46758359,0.585940154,0.840694927,0.434401682,0.843422326,0.428597745,0.788240701,0.965178686,1,0.504383837,0.748881029,0.703115274,0.412856203,0.562402689,0.681545781,0.382582831,0.360414554,0.742175026,0.779626807,0.666512974,0.108103193,0.761445897,0.262285252,0.304024339,0.495192817,0.883497615,0.71313012,0.802507784,0.415042879,0.365253065,0.776529462,0.77024425,0.817904403,0.775248761,0.867218029,0.794845834,0.503936586,0.796135404,0.698274638,0.786650089,0.766818221
0.548044355,0.513728762,0.400668355,0.334893453,0.533171143,0.55251797,0.534984402,0.41438553,0.621589458,0.296038666,0.640950842,0.614803181,0.609933189,0.242763929,0.386990819,0.172058956,0.269419174,0.202563055,0.391423345,0.778158219,0.843825685,0.357378582,0.588370547,0.441916266,0.230437,0.348965138,0.428622334,0.504383837,1,0.305047038,0.281688537,0.56618061,0.373893578,0.446559291,0.157777025,0.618187412,0.791128137,0.771904701,0.749099503,0.349687587,0.594787183,0.244573157,0.376801329,0.175917114,0.391792914,0.747424193,0.363638783,0.212386552,0.165532713,0.359532748,0.376067139,0.404475086,0.306375308,0.455581907,0.397398647,0.223990952,0.400705522,0.322867663,0.383613209,0.384476916
0.407522791,0.504194644,0.404440184,0.225293139,0.473206724,0.623997711,0.564489839,0.389314518,0.637383777,0.260207496,0.646087334,0.41736226,0.565303871,0.424940742,0.541935463,0.086440129,0.246361654,0.36959496,0.649077218,0.420095009,0.442674869,0.765158005,0.306101736,0.561695319,0.190936647,0.464333249,0.674100535,0.748881029,0.305047038,1,0.961656752,0.209746976,0.576265307,0.621675628,0.242972546,0.344691923,0.539751875,0.468874954,0.357585478,0.294895407,0.467433391,0.30575595,0.323522234,0.383037199,0.701606597,0.461621192,0.878047426,0.781317994,0.705977046,0.823190782,0.624577916,0.647333119,0.657782676,0.73624341,0.802741033,0.755285062,0.802792005,0.621259629,0.729432013,0.752737567
0.435427919,0.514839386,0.407732961,0.253856797,0.483914828,0.639504018,0.578712372,0.408248014,0.637962081,0.245347628,0.63639554,0.414160721,0.570675229,0.461026248,0.574690001,0.074357915,0.259342559,0.311604739,0.600433146,0.408132534,0.432976453,0.779450007,0.306492506,0.546404406,0.159018085,0.415585185,0.627176186,0.703115274,0.281688537,0.961656752,1,0.211763406,0.603534366,0.645173735,0.205839669,0.349507521,0.534314495,0.454069997,0.349519552,0.297260444,0.4717703,0.32647121,0.344630474,0.343354585,0.666929624,0.458700958,0.849335427,0.760869445,0.685438832,0.833822885,0.617529528,0.63571466,0.638603065,0.721210968,0.797875303,0.752401586,0.797554239,0.610269826,0.724942209,0.753084585
0.443765962,0.423618718,0.311629657,0.250810897,0.435437401,0.431788819,0.429616411,0.201769253,0.393815779,0.114961557,0.43241106,0.435723461,0.55328848,0.223294376,0.290239458,0.183368784,0.082324422,0.25771797,0.38260002,0.410203792,0.650302701,0.298443606,0.784032523,0.450027883,0.377452357,0.423899529,0.394166616,0.412856203,0.56618061,0.209746976,0.211763406,1,0.184940819,0.283533181,0.25731977,0.196788277,0.455815336,0.547803495,0.627720381,0.290337456,0.66255499,0.10465871,0.110446384,0.291692612,0.407507691,0.424721685,0.295443311,0.132104135,0.108990946,0.304418145,0.437179323,0.441178359,0.388537397,0.392755295,0.32291549,0.155144547,0.321899376,0.383493665,0.344201127,0.319251959
0.553483131,0.530535199,0.382457107,0.366580404,0.524900083,0.632132085,0.666443636,0.464627224,0.683292493,0.205689212,0.612331341,0.390530366,0.610098474,0.366751901,0.713653919,0.122046205,0.376304517,0.149631728,0.419059633,0.454419569,0.448811959,0.587463544,0.296878897,0.483500329,0.139418081,0.28503583,0.482960971,0.562402689,0.373893578,0.576265307,0.603534366,0.184940819,1,0.849639101,0.147675328,0.576189413,0.689484485,0.529911187,0.36794942,0.105953313,0.46667303,0.685086654,0.71593144,0.196686685,0.463559026,0.668085659,0.571692786,0.416568528,0.374517841,0.629020945,0.487638935,0.526200138,0.425837204,0.599227729,0.614023937,0.483053636,0.618578063,0.453496093,0.583736856,0.598444091
0.601543035,0.619836962,0.430363121,0.352728663,0.564592095,0.740546438,0.725143701,0.484901622,0.741667579,0.219113472,0.685813805,0.464224146,0.703477025,0.407532938,0.774741332,0.113630464,0.367457988,0.225588246,0.534551924,0.513284505,0.550243134,0.646799454,0.372921403,0.59411139,0.186930183,0.393626756,0.604911916,0.681545781,0.446559291,0.621675628,0.645173735,0.283533181,0.849639101,1,0.18702912,0.566859296,0.748673865,0.62240005,0.471040333,0.085335679,0.591454679,0.492911529,0.56640111,0.271001451,0.606149306,0.705652744,0.683699609,0.44088396,0.37769765,0.686808924,0.625174944,0.662583877,0.553576328,0.725256705,0.695407233,0.511802576,0.697452152,0.594434628,0.695568291,0.688997792
0.118701472,0.130418835,0.117414219,0.24872561,0.150120417,0.174144714,0.1390863,0.261890445,0.159523849,0.476757234,0.164754526,0.180696393,0.1513879,0.266489991,0.119145222,0.675744213,0.498010282,0.751915001,0.480767924,0.200970057,0.16271865,0.250686669,0.159945142,0.406386827,0.854022381,0.739276461,0.503596462,0.382582831,0.157777025,0.242972546,0.205839669,0.25731977,0.147675328,0.18702912,1,0.334947524,0.179598821,0.247797873,0.285037995,0.225455163,0.273679998,0.214325646,0.324997918,0.861030203,0.524193542,0.171464769,0.304693157,0.235489906,0.195010639,0.196114963,0.325913114,0.342318368,0.431343259,0.310999398,0.227712165,0.190832925,0.226456892,0.27479618,0.248820784,0.214364479
0.535086821,0.464672176,0.469825662,0.583239366,0.579503102,0.468131246,0.59661413,0.731285842,0.666763034,0.604019532,0.608830682,0.584489864,0.483305498,0.120751363,0.514631609,0.283695494,0.691468528,0.182279301,0.216164522,0.757958934,0.567229769,0.258760573,0.343909813,0.240856833,0.175981619,0.199083383,0.293948455,0.360414554,0.618187412,0.344691923,0.349507521,0.196788277,0.576189413,0.566859296,0.334947524,1,0.729601036,0.445608308,0.308199857,0.180796118,0.286281056,0.443873465,0.699091339,0.286023648,0.324831876,0.637790054,0.416060796,0.361352584,0.279445109,0.38886448,0.308265244,0.325931622,0.262339402,0.404742277,0.416516508,0.392901213,0.418725358,0.307505572,0.382251839,0.401763652
0.640433751,0.642195606,0.461646454,0.371147019,0.615227001,0.774906988,0.732776096,0.515172645,0.820142497,0.267516167,0.794513253,0.594767916,0.746365993,0.372433533,0.642800279,0.138549023,0.337847005,0.256975273,0.566966381,0.721472159,0.777064407,0.605117606,0.54494911,0.622794772,0.210640373,0.456787973,0.649081029,0.742175026,0.791128137,0.539751875,0.534314495,0.455815336,0.689484485,0.748673865,0.179598821,0.729601036,1,0.872045211,0.722017023,0.174765373,0.691459747,0.396261393,0.555105214,0.24842894,0.62635184,0.93167386,0.648337252,0.365312634,0.283735429,0.657547479,0.60575837,0.646501591,0.536119893,0.730211852,0.68998549,0.455669578,0.693997649,0.552642337,0.66325534,0.66750943
0.500193798,0.532749738,0.301680844,0.188091754,0.430539425,0.699560724,0.555679574,0.253483655,0.622745333,0.138385036,0.623558906,0.423219618,0.670072288,0.518827555,0.496761127,0.220453825,0.145885039,0.420117104,0.692752793,0.522597653,0.699795898,0.650268685,0.513286679,0.7196218,0.375502563,0.612633321,0.732568652,0.779626807,0.771904701,0.468874954,0.454069997,0.547803495,0.529911187,0.62240005,0.247797873,0.445608308,0.872045211,1,0.939385415,0.287948328,0.797072498,0.285615885,0.37581906,0.296492214,0.656221536,0.900678024,0.563573942,0.259507628,0.196058203,0.576765556,0.585906168,0.635267869,0.544561821,0.693507779,0.604944247,0.308919698,0.609218369,0.496966488,0.588570681,0.575782592
0.418066291,0.438496177,0.229282655,0.147505407,0.338982225,0.577659215,0.432043837,0.15940632,0.470351176,0.119208801,0.4865311,0.347532245,0.580973097,0.494375416,0.379783948,0.291929503,0.108219553,0.447460432,0.636711451,0.4267184,0.653843019,0.548038591,0.521695279,0.656613326,0.450402714,0.60544608,0.646957995,0.666512974,0.749099503,0.357585478,0.349519552,0.627720381,0.36794942,0.471040333,0.285037995,0.308199857,0.722017023,0.939385415,1,0.433281872,0.778915699,0.1862034,0.244727699,0.292126038,0.561384688,0.774791315,0.429976207,0.208271264,0.158008705,0.447343763,0.502876386,0.542926489,0.466366151,0.565440202,0.470080014,0.21011627,0.47297788,0.412188632,0.464955504,0.445298754
0.103370084,0.076981825,0.137090302,0.193623553,0.145066193,0.06712754,0.113183774,0.212747993,0.121927751,0.240326362,0.12517396,0.141942506,0.109907944,0.130697423,0.110038565,0.315087566,0.293219549,0.187130772,0.11416195,0.161589782,0.184291265,0.10138968,0.179406305,0.07910917,0.262477263,0.151878862,0.103926563,0.108103193,0.349687587,0.294895407,0.297260444,0.290337456,0.105953313,0.085335679,0.225455163,0.180796118,0.174765373,0.287948328,0.433281872,1,0.171671093,0.140989124,0.126562213,0.13612524,0.099943872,0.21032254,0.215396775,0.596802286,0.573648657,0.175159944,0.058446414,0.057337009,0.076697225,0.098072005,0.156020826,0.376478822,0.155388075,0.074690837,0.097223397,0.124878246
0.526152654,0.594202979,0.357204082,0.174867336,0.485265374,0.734392725,0.598310844,0.235191798,0.613190614,0.120831189,0.639419636,0.458496819,0.740366666,0.461413717,0.510480747,0.174299291,0.073917915,0.428240046,0.700233741,0.456324223,0.670470117,0.650944694,0.610860311,0.7611603,0.402492489,0.644144903,0.72971695,0.761445897,0.594787183,0.467433391,0.4717703,0.66255499,0.46667303,0.591454679,0.273679998,0.286281056,0.691459747,0.797072498,0.778915699,0.171671093,1,0.209746425,0.222914205,0.366552598,0.695084809,0.695101798,0.580296978,0.233512698,0.221871394,0.65160924,0.667662672,0.709904551,0.623132452,0.725559131,0.648082048,0.341827096,0.651223206,0.589878913,0.649856883,0.63454042
0.390672105,0.299009096,0.254952242,0.329153746,0.379434345,0.272117986,0.365062109,0.328384935,0.38732829,0.231220389,0.34307807,0.271935464,0.33043953,0.233283974,0.352812831,0.171310432,0.303564109,0.111218052,0.186201376,0.327079886,0.26048862,0.304363505,0.175043961,0.220294367,0.148844355,0.164141432,0.233718513,0.262285252,0.244573157,0.30575595,0.32647121,0.10465871,0.685086654,0.492911529,0.214325646,0.443873465,0.396261393,0.285615885,0.1862034,0.140989124,0.209746425,1,0.838645361,0.258196003,0.254709133,0.414178121,0.288684329,0.267933565,0.249628322,0.318798819,0.264282644,0.278480084,0.23047902,0.30584241,0.308074419,0.272428975,0.312261755,0.224206607,0.287665758,0.290816883
0.424275285,0.341885512,0.307147228,0.388715791,0.417848408,0.33662487,0.421125941,0.445243456,0.473427832,0.322164463,0.415339508,0.336319383,0.358070184,0.220231372,0.411382346,0.211711044,0.441967714,0.129543813,0.202755097,0.462169142,0.350366678,0.310614091,0.192149461,0.250459471,0.18350289,0.195275524,0.266793861,0.304024339,0.376801329,0.323522234,0.344630474,0.110446384,0.71593144,0.56640111,0.324997918,0.699091339,0.555105214,0.37581906,0.244727699,0.126562213,0.222914205,0.838645361,1,0.349136039,0.311683251,0.563679122,0.343094553,0.286173377,0.227268774,0.354785326,0.300216741,0.324050489,0.275862938,0.362992401,0.35392798,0.306935909,0.35833786,0.268156576,0.33485481,0.33381467
0.199113662,0.257643143,0.200997032,0.169909763,0.234709049,0.295622336,0.217798268,0.201253593,0.244992947,0.377168343,0.270653826,0.260378017,0.281773164,0.317438073,0.164669985,0.425519161,0.274445325,0.693953926,0.560243779,0.234262834,0.245219065,0.375015918,0.241812677,0.497500315,0.679229727,0.723149931,0.590952216,0.495192817,0.175917114,0.383037199,0.343354585,0.291692612,0.196686685,0.271001451,0.861030203,0.286023648,0.24842894,0.296492214,0.292126038,0.13612524,0.366552598,0.258196003,0.349136039,1,0.723130087,0.230761119,0.502326205,0.336718928,0.293196918,0.35563778,0.554685754,0.559476876,0.674234545,0.505212011,0.408277578,0.341047336,0.403844919,0.510137223,0.452146892,0.400262038
0.426558315,0.539576076,0.347943084,0.145791752,0.426604868,0.696587332,0.519438684,0.249484474,0.574840584,0.199661491,0.603421255,0.409489021,0.616450851,0.518183132,0.464621333,0.231437563,0.128030281,0.614094747,0.833462524,0.39087211,0.506053964,0.748385373,0.416437803,0.810451481,0.505490513,0.810855282,0.898794008,0.883497615,0.391792914,0.701606597,0.666929624,0.407507691,0.463559026,0.606149306,0.524193542,0.324831876,0.62635184,0.656221536,0.561384688,0.099943872,0.695084809,0.254709133,0.311683251,0.723130087,1,0.60683477,0.85054201,0.488720525,0.428183107,0.753048172,0.856371739,0.884074062,0.906782934,0.900821594,0.805718602,0.582846697,0.802102744,0.79243066,0.826739553,0.784625229
0.541167782,0.563628582,0.358471938,0.260088821,0.476177967,0.700281543,0.613898989,0.355916811,0.682961588,0.167326956,0.656848127,0.442740526,0.665091146,0.440655797,0.552999713,0.152852382,0.235687502,0.276937339,0.572723738,0.565960787,0.664043126,0.598281409,0.469157917,0.634481329,0.239186588,0.47413736,0.641317021,0.71313012,0.747424193,0.461621192,0.458700958,0.424721685,0.668085659,0.705652744,0.171464769,0.637790054,0.93167386,0.900678024,0.774791315,0.21032254,0.695101798,0.414178121,0.563679122,0.230761119,0.60683477,1,0.573374071,0.285434411,0.222234649,0.599832375,0.562404107,0.614126166,0.505329099,0.701264469,0.631633826,0.368743725,0.636906385,0.490056537,0.607878154,0.601551729
0.49800868,0.59617784,0.459138917,0.252416475,0.541475127,0.718777034,0.622209785,0.417998782,0.690845668,0.240541809,0.705816003,0.497259066,0.649066667,0.376906081,0.596815905,0.083141453,0.2329144,0.369466989,0.664871538,0.476695562,0.51451739,0.720313165,0.385185668,0.650721174,0.237655078,0.541270172,0.738978849,0.802507784,0.363638783,0.878047426,0.849335427,0.295443311,0.571692786,0.683699609,0.304693157,0.416060796,0.648337252,0.563573942,0.429976207,0.215396775,0.580296978,0.288684329,0.343094553,0.502326205,0.85054201,0.573374071,1,0.785140104,0.693016902,0.889365677,0.792599653,0.807478148,0.798723029,0.90711678,0.925061917,0.83195568,0.921833803,0.803649034,0.891307536,0.895033359
0.342247699,0.38743235,0.406095501,0.315176486,0.440108063,0.392289485,0.447069995,0.46728203,0.486066937,0.318664427,0.48490102,0.389570909,0.380606904,0.157785271,0.432924074,0.1273777,0.373150439,0.178615252,0.299957339,0.351202983,0.287459236,0.409200057,0.218193197,0.267673813,0.134194483,0.2296008,0.353744643,0.415042879,0.212386552,0.781317994,0.760869445,0.132104135,0.416568528,0.44088396,0.235489906,0.361352584,0.365312634,0.259507628,0.208271264,0.596802286,0.233512698,0.267933565,0.286173377,0.336718928,0.488720525,0.285434411,0.785140104,1,0.901658331,0.667515078,0.447669546,0.4367551,0.478767347,0.547093566,0.670572797,0.876703811,0.66541474,0.513574517,0.588872693,0.631662135
0.2984654,0.343169567,0.359620565,0.253423225,0.380908735,0.347293573,0.401061585,0.378215759,0.411421033,0.264982359,0.413446254,0.323677155,0.335021658,0.147886691,0.386087418,0.090380984,0.277015984,0.162531448,0.277167368,0.277456821,0.224947084,0.393505231,0.190950927,0.240492047,0.112077248,0.213078232,0.319888117,0.365253065,0.165532713,0.705977046,0.685438832,0.108990946,0.374517841,0.37769765,0.195010639,0.279445109,0.283735429,0.196058203,0.158008705,0.573648657,0.221871394,0.249628322,0.227268774,0.293196918,0.428183107,0.222234649,0.693016902,0.901658331,1,0.633642635,0.385613454,0.38199783,0.434965523,0.485251354,0.626151758,0.840935257,0.62113701,0.447413475,0.538082076,0.591750066
0.513426248,0.606093726,0.441358597,0.244992999,0.530155117,0.751956986,0.630691668,0.387568597,0.69889525,0.183435977,0.705641842,0.466757904,0.664080941,0.437768037,0.599337325,0.066943536,0.188989147,0.314898676,0.648079165,0.452401472,0.50870489,0.764005027,0.388536576,0.678764026,0.194882302,0.501602624,0.706054809,0.776529462,0.359532748,0.823190782,0.833822885,0.304418145,0.629020945,0.686808924,0.196114963,0.38886448,0.657547479,0.576765556,0.447343763,0.175159944,0.65160924,0.318798819,0.354785326,0.35563778,0.753048172,0.599832375,0.889365677,0.667515078,0.633642635,1,0.743906863,0.765295065,0.73153312,0.859181818,0.941859012,0.804721536,0.94227789,0.730489059,0.868733289,0.911319555
0.483158193,0.586089479,0.407849856,0.208093553,0.464868826,0.730887669,0.560152669,0.2875717,0.593906948,0.135190435,0.617162761,0.434767345,0.648738383,0.424969057,0.535687622,0.127939207,0.117387408,0.413444704,0.69219794,0.396212085,0.536983025,0.659054566,0.477884393,0.745363809,0.333819687,0.617760035,0.742152846,0.77024425,0.376067139,0.624577916,0.617529528,0.437179323,0.487638935,0.625174944,0.325913114,0.308265244,0.60575837,0.585906168,0.502876386,0.058446414,0.667662672,0.264282644,0.300216741,0.554685754,0.856371739,0.562404107,0.792599653,0.447669546,0.385613454,0.743906863,1,0.986065424,0.921582075,0.874058594,0.797284941,0.599304966,0.793640501,0.966576617,0.89506893,0.822787326
0.489003282,0.596835473,0.399642809,0.190390844,0.469630921,0.76469834,0.582704766,0.287935302,0.62277495,0.139148565,0.644819453,0.44067323,0.673227537,0.443956787,0.554806028,0.132545699,0.115945628,0.44167879,0.734443888,0.410781234,0.552775773,0.701126881,0.475026498,0.786857989,0.356209301,0.658567779,0.790482208,0.817904403,0.404475086,0.647333119,0.63571466,0.441178359,0.526200138,0.662583877,0.342318368,0.325931622,0.646501591,0.635267869,0.542926489,0.057337009,0.709904551,0.278480084,0.324050489,0.559476876,0.884074062,0.614126166,0.807478148,0.4367551,0.38199783,0.765295065,0.986065424,1,0.921613946,0.906853438,0.819975771,0.589218231,0.817758754,0.938771991,0.902731513,0.836450773
0.415131114,0.52081922,0.357860504,0.171856771,0.404914303,0.667155923,0.500647526,0.234026575,0.522765722,0.158192231,0.545784142,0.373329498,0.576523831,0.46574137,0.464093003,0.17377815,0.098189411,0.512971562,0.73427138,0.328937271,0.450548772,0.678407021,0.424145529,0.733803716,0.413033858,0.691946471,0.778526757,0.775248761,0.306375308,0.657782676,0.638603065,0.388537397,0.425837204,0.553576328,0.431343259,0.262339402,0.536119893,0.544561821,0.466366151,0.076697225,0.623132452,0.23047902,0.275862938,0.674234545,0.906782934,0.505329099,0.798723029,0.478767347,0.434965523,0.73153312,0.921582075,0.921613946,1,0.84025146,0.782920275,0.61532321,0.778473641,0.883282139,0.845313092,0.788277936
0.531270414,0.631721581,0.428670294,0.207536813,0.531183229,0.800589594,0.638542403,0.347154959,0.704414137,0.1738586,0.723148101,0.494134824,0.717652666,0.4458943,0.604804645,0.107721481,0.154927581,0.414200839,0.739960854,0.4851138,0.588140122,0.754963781,0.446089628,0.779508265,0.306577238,0.636408247,0.816628299,0.867218029,0.455581907,0.73624341,0.721210968,0.392755295,0.599227729,0.725256705,0.310999398,0.404742277,0.730211852,0.693507779,0.565440202,0.098072005,0.725559131,0.30584241,0.362992401,0.505212011,0.900821594,0.701264469,0.90711678,0.547093566,0.485251354,0.859181818,0.874058594,0.906853438,0.84025146,1,0.925317899,0.695455295,0.92496165,0.852423519,0.947233883,0.921665473
0.534103412,0.627093887,0.465756167,0.253854137,0.55953666,0.77714899,0.663468732,0.409110999,0.724995394,0.199854273,0.735691943,0.505965143,0.691560819,0.392949771,0.613597155,0.066269819,0.195424496,0.319859589,0.650870486,0.488525414,0.546666699,0.737875733,0.417721376,0.692290992,0.215359379,0.52396134,0.72288926,0.794845834,0.397398647,0.802741033,0.797875303,0.32291549,0.614023937,0.695407233,0.227712165,0.416516508,0.68998549,0.604944247,0.470080014,0.156020826,0.648082048,0.308074419,0.35392798,0.408277578,0.805718602,0.631633826,0.925061917,0.670572797,0.626151758,0.941859012,0.797284941,0.819975771,0.782920275,0.925317899,1,0.852742606,0.9975375,0.795663599,0.935964745,0.972710053
0.423030582,0.485578661,0.471638016,0.31902139,0.512152272,0.536016507,0.53848639,0.470608847,0.582762673,0.287921446,0.58492363,0.457844415,0.489030097,0.197089364,0.501634158,0.066034378,0.30314694,0.166100059,0.367263218,0.405479931,0.358824661,0.497471027,0.278208226,0.387855605,0.106472587,0.277013331,0.434682513,0.503936586,0.223990952,0.755285062,0.752401586,0.155144547,0.483053636,0.511802576,0.190832925,0.392901213,0.455669578,0.308919698,0.21011627,0.376478822,0.341827096,0.272428975,0.306935909,0.341047336,0.582846697,0.368743725,0.83195568,0.876703811,0.840935257,0.804721536,0.599304966,0.589218231,0.61532321,0.695455295,0.852742606,1,0.849131669,0.666620889,0.773363053,0.833547875
