1,0.896345224,0.859504351,0.850237798,0.800305752,0.851444613,0.848728317,0.797537505,0.791983123,0.775277913,0.740407507,0.690033945,0.612508435,0.434758094,0.660603407,0.630620995,0.663952881,0.695901148,0.700853679,0.646835872,0.596857032,0.542496718,0.510829772,0.146987238,0.191400338,0.300189649,0.438261905,0.549248725,0.510552332,0.480356051,0.462248778,0.436178452,0.366382055,0.27956299,0.179567694,0.259618477,0.335391505,0.349358826,0.338253565,0.321063077,0.396255624,0.442299066,0.363321685,0.248887537,0.173602184,0.187919316,0.167347079,0.133699057,0.090820292,0.068609527,0.412022422,0.367107424,0.269938701,0.150942739,0.140887167,0.161962626,0.159404753,0.26217086,0.163341643,0.170488423
0.896345224,1,0.951984095,0.90050909,0.898594798,0.876451829,0.87793608,0.864117099,0.871645704,0.870490338,0.848822375,0.807373618,0.730285199,0.597985328,0.659986892,0.683656326,0.742107441,0.788295681,0.796140333,0.758905109,0.72360531,0.688749924,0.667033651,0.129614828,0.185240491,0.324484438,0.5123952,0.65111146,0.622205774,0.597651805,0.588161063,0.56241902,0.407724371,0.298091193,0.181766276,0.292521307,0.404791419,0.43421988,0.425099433,0.410859575,0.500460162,0.477678168,0.383504958,0.253411854,0.180868245,0.214038124,0.197482151,0.157298346,0.099988132,0.072803797,0.433695181,0.382095186,0.27192119,0.142856445,0.123432638,0.144339167,0.146022284,0.25638928,0.144690453,0.152004122
0.859504351,0.951984095,1,0.88781772,0.899004559,0.825113027,0.848011789,0.848217837,0.861457266,0.863650088,0.849914681,0.819398156,0.770960573,0.65018079,0.591469609,0.646315544,0.72271878,0.77866281,0.795498471,0.761523937,0.735850303,0.717853471,0.702174633,0.113287312,0.168843003,0.307835722,0.496879001,0.643864651,0.62038232,0.602062469,0.60468984,0.591608053,0.410427982,0.291637454,0.16641167,0.275832752,0.392417333,0.426568955,0.422312842,0.411394437,0.498918334,0.484975639,0.382319248,0.243868194,0.166665559,0.200779318,0.185714489,0.147262688,0.09049777,0.065673662,0.441056596,0.383225648,0.26690692,0.1332867,0.115436396,0.141471002,0.149633142,0.257666754,0.142285096,0.150918635
0.850237798,0.90050909,0.88781772,1,0.900222326,0.899227424,0.936038368,0.936873771,0.94352436,0.916433262,0.878951699,0.833353659,0.736789603,0.58742551,0.678884471,0.72981294,0.803822515,0.844958233,0.841837606,0.790887755,0.745750588,0.695839145,0.672475101,0.155290155,0.221756199,0.366665528,0.547809422,0.68023351,0.648492613,0.620572199,0.607001276,0.587815059,0.386213909,0.285436211,0.19005581,0.312163264,0.423965734,0.457937652,0.453660945,0.441312928,0.530763718,0.459769129,0.374171962,0.249935242,0.18803799,0.227205122,0.215336373,0.177963804,0.114980749,0.08008015,0.418727267,0.376982118,0.269179106,0.143847552,0.115890942,0.123486486,0.117835762,0.242180051,0.131001731,0.129282826
0.800305752,0.898594798,0.899004559,0.900222326,1,0.815350276,0.862562919,0.91135785,0.933611487,0.943579648,0.939815624,0.914634934,0.852081884,0.722487377,0.612348235,0.697263708,0.80665296,0.87424925,0.889559685,0.863147882,0.839001111,0.815426632,0.794334081,0.141524929,0.21215675,0.373702189,0.584325092,0.736502827,0.717416942,0.701139277,0.70930078,0.697230859,0.38780241,0.283626192,0.188402542,0.327992151,0.46170718,0.50891406,0.51040105,0.507211052,0.603541564,0.461058703,0.370022892,0.246327583,0.19256764,0.24262183,0.236111503,0.19780955,0.127335283,0.087765394,0.416398364,0.370744498,0.265009872,0.145194949,0.11614425,0.124856906,0.121645573,0.241924104,0.132014628,0.129889525
0.851444613,0.876451829,0.825113027,0.899227424,0.815350276,1,0.936005681,0.896302243,0.865760336,0.82873469,0.783028066,0.721229472,0.605041095,0.473643073,0.807738668,0.799094197,0.812712535,0.802680837,0.768603406,0.719379337,0.659287901,0.579112331,0.54968498,0.205984621,0.264367421,0.400756313,0.554266018,0.645594802,0.604637504,0.56895787,0.524134892,0.46212967,0.343959973,0.255757331,0.19226077,0.319209027,0.417366717,0.440102821,0.42747922,0.396959415,0.455204279,0.402621398,0.325996289,0.222387602,0.180638049,0.222649807,0.210557974,0.172362484,0.111187966,0.078175459,0.364578857,0.325736413,0.233351994,0.128113039,0.103248211,0.110901341,0.111411045,0.211495754,0.11735542,0.118524635
0.848728317,0.87793608,0.848011789,0.936038368,0.862562919,0.936005681,1,0.956983432,0.923533907,0.883396764,0.83831889,0.785707875,0.675088947,0.531736065,0.744926735,0.806707138,0.844916616,0.844244765,0.816049875,0.759201905,0.705064929,0.641310258,0.613094646,0.192564951,0.263423112,0.398193102,0.55647292,0.662595243,0.624985171,0.59405178,0.567784462,0.536028665,0.367797556,0.277760923,0.196921168,0.314824618,0.416173379,0.445711653,0.440159575,0.421545707,0.498931254,0.436683982,0.358984165,0.244346792,0.186073108,0.222454889,0.211444205,0.176150157,0.115639523,0.081071353,0.398265858,0.361154945,0.260727506,0.14155194,0.115114944,0.120511759,0.114594822,0.234416738,0.129953398,0.126764749
0.797537505,0.864117099,0.848217837,0.936873771,0.91135785,0.896302243,0.956983432,1,0.98252042,0.956898075,0.92630362,0.882548321,0.771463057,0.64870268,0.705663219,0.826487755,0.920564125,0.946266945,0.919901641,0.879183998,0.828344156,0.76074034,0.732094478,0.192758066,0.286224866,0.464553029,0.667292215,0.788119144,0.756827002,0.726404305,0.70212465,0.660153255,0.342639117,0.260724652,0.216417992,0.384390631,0.517262537,0.562836419,0.561077456,0.545946866,0.618106213,0.405233466,0.332563163,0.234447834,0.214852887,0.281366371,0.28123124,0.242931903,0.162861317,0.112248643,0.363996214,0.333149554,0.243657975,0.146729187,0.109011446,0.099745467,0.090081761,0.2071775,0.111153966,0.101073187
0.791983123,0.871645704,0.861457266,0.94352436,0.933611487,0.865760336,0.923533907,0.98252042,1,0.989599109,0.963509596,0.918991274,0.822435376,0.686897654,0.655170494,0.755591258,0.877432678,0.946509859,0.951415845,0.904454721,0.858366582,0.804683427,0.777958676,0.164544967,0.256744892,0.430881868,0.646231933,0.796556983,0.76515969,0.733370975,0.723512885,0.698684458,0.382820592,0.289332975,0.219945105,0.376128477,0.511214718,0.555184339,0.551933926,0.54471117,0.638733934,0.448258289,0.368626228,0.256495614,0.220723708,0.279243375,0.27352855,0.233563806,0.155947358,0.108990602,0.403935169,0.368374279,0.26817961,0.156979616,0.118881927,0.113660301,0.102239432,0.231181808,0.123944713,0.11498823
0.775277913,0.870490338,0.863650088,0.916433262,0.943579648,0.82873469,0.883396764,0.956898075,0.989599109,1,0.988257975,0.949703449,0.862311731,0.728560962,0.615182335,0.716532491,0.853661312,0.946372385,0.971152349,0.933973131,0.895620208,0.848716966,0.819357713,0.149524819,0.241670434,0.420347677,0.651484494,0.819312527,0.792954692,0.762754683,0.759674141,0.736109105,0.394983175,0.297862088,0.223662607,0.384620885,0.528125755,0.574662491,0.570812859,0.567235628,0.665867756,0.458028515,0.376397147,0.262979977,0.229364934,0.290891938,0.284688699,0.24271337,0.162044622,0.113459977,0.411891405,0.374724269,0.273824238,0.162971293,0.123173975,0.117815113,0.105768019,0.236122767,0.126966776,0.118136112
0.740407507,0.848822375,0.849914681,0.878951699,0.939815624,0.783028066,0.83831889,0.92630362,0.963509596,0.988257975,1,0.979681282,0.896133939,0.77865535,0.571668487,0.692224828,0.839433032,0.93971419,0.973769745,0.958945311,0.936353061,0.89475868,0.860335067,0.136709267,0.22821571,0.417973595,0.66366289,0.839086543,0.824515167,0.80235988,0.803769744,0.774999754,0.379097356,0.279772837,0.213872745,0.391806478,0.548850198,0.603853527,0.6038899,0.603096402,0.693407805,0.439451736,0.356117229,0.246745308,0.227458878,0.300845937,0.299944151,0.258762102,0.172521936,0.11930894,0.392483795,0.354644488,0.257127018,0.15594303,0.114349743,0.10675757,0.097195874,0.218995761,0.115094861,0.106565154
0.690033945,0.807373618,0.819398156,0.833353659,0.914634934,0.721229472,0.785707875,0.882548321,0.918991274,0.949703449,0.979681282,1,0.919719928,0.822302508,0.520981954,0.662116385,0.812643649,0.909879323,0.943302685,0.948814257,0.951018732,0.928415334,0.891890209,0.123822504,0.212121824,0.40795739,0.657096544,0.828806871,0.826322989,0.817839986,0.833482096,0.811576523,0.355874816,0.255302859,0.196064765,0.385576984,0.55121605,0.613913215,0.620934051,0.627422306,0.710661497,0.415077952,0.331069388,0.225141465,0.217166276,0.30024503,0.305197855,0.267092359,0.178043569,0.121605286,0.369244491,0.331707935,0.237618341,0.145449885,0.103355351,0.093783871,0.0862747,0.200877562,0.102659988,0.093788168
0.612508435,0.730285199,0.770960573,0.736789603,0.852081884,0.605041095,0.675088947,0.771463057,0.822435376,0.862311731,0.896133939,0.919719928,1,0.862791845,0.421326133,0.536019048,0.692009461,0.813107825,0.867460349,0.868847167,0.891265537,0.927523116,0.91025989,0.093427351,0.159532189,0.330850326,0.573847564,0.761887303,0.761556774,0.760751336,0.813863289,0.82711668,0.390932086,0.27171364,0.173214182,0.336898378,0.501962275,0.559076312,0.567233659,0.587828433,0.694765494,0.443510519,0.350520118,0.226552407,0.196330242,0.269347822,0.267468265,0.229398732,0.147357101,0.099157141,0.398092905,0.352458925,0.245719716,0.137962915,0.097696577,0.096744025,0.091349866,0.218343348,0.106973464,0.099480745
0.434758094,0.597985328,0.65018079,0.58742551,0.722487377,0.473643073,0.531736065,0.64870268,0.686897654,0.728560962,0.77865535,0.822302508,0.862791845,1,0.315694932,0.488827911,0.642006882,0.731732633,0.764237002,0.805637997,0.851841945,0.907905445,0.922663608,0.076430058,0.151098155,0.346967106,0.586780718,0.734939472,0.759994362,0.780645507,0.831902054,0.827688463,0.322082446,0.213479783,0.15726366,0.354374076,0.534233229,0.603731916,0.619244066,0.634225882,0.680497047,0.351665645,0.269086814,0.176483229,0.192120988,0.293851102,0.308632226,0.277108374,0.183660429,0.128935003,0.304732421,0.266206489,0.184938023,0.119083638,0.079544386,0.069136199,0.073460742,0.15310361,0.074343403,0.070000454
0.660603407,0.659986892,0.591469609,0.678884471,0.612348235,0.807738668,0.744926735,0.705663219,0.655170494,0.615182335,0.571668487,0.520981954,0.421326133,0.315694932,1,0.823448411,0.736364995,0.657307369,0.580513095,0.547533442,0.498593789,0.416790608,0.386398544,0.334181777,0.330891865,0.43943456,0.53639878,0.54745298,0.504572268,0.478110101,0.427281404,0.342689389,0.257206015,0.20792568,0.183597206,0.316229839,0.40440182,0.414748996,0.40131381,0.365921166,0.402363318,0.305227974,0.262949132,0.195869649,0.176426515,0.225705664,0.221623373,0.190094626,0.137312282,0.102767306,0.292237072,0.273513879,0.212562439,0.140719605,0.122061396,0.119427545,0.108422099,0.208172556,0.136207705,0.12335192
0.630620995,0.683656326,0.646315544,0.72981294,0.697263708,0.799094197,0.806707138,0.826487755,0.755591258,0.716532491,0.692224828,0.662116385,0.536019048,0.488827911,0.823448411,1,0.943270574,0.823880547,0.711938045,0.71471831,0.668435807,0.564672169,0.528474172,0.418010186,0.501167116,0.661430283,0.762362914,0.727226136,0.699827398,0.682653374,0.606565722,0.478487578,0.245290009,0.2268754,0.286089503,0.485301967,0.59106468,0.620499862,0.613193418,0.558573678,0.526036238,0.269093941,0.248472475,0.219880262,0.26786915,0.362741443,0.374899144,0.33354405,0.236173937,0.160266122,0.252314392,0.252563474,0.217230976,0.183400661,0.139220141,0.100469045,0.07419857,0.183998352,0.124488513,0.095067376
0.663952881,0.742107441,0.72271878,0.803822515,0.80665296,0.812712535,0.844916616,0.920564125,0.877432678,0.853661312,0.839433032,0.812643649,0.692009461,0.642006882,0.736364995,0.943270574,1,0.953065338,0.869829696,0.872657424,0.827406311,0.728738626,0.692684887,0.304739014,0.436385103,0.655729936,0.835175267,0.864404197,0.839632508,0.816866734,0.756706081,0.640990516,0.265443907,0.233560008,0.29139616,0.525930245,0.667966801,0.714100992,0.710517885,0.671711502,0.661418888,0.298495168,0.26588992,0.229731273,0.289849593,0.401482628,0.418577755,0.376981215,0.268263204,0.18468637,0.271498892,0.267166304,0.223456157,0.188651625,0.137626951,0.094221993,0.06971812,0.178213867,0.114753893,0.0868936
0.695901148,0.788295681,0.77866281,0.844958233,0.87424925,0.802680837,0.844244765,0.946266945,0.946509859,0.946372385,0.93971419,0.909879323,0.813107825,0.731732633,0.657307369,0.823880547,0.953065338,1,0.973335764,0.96251165,0.920068492,0.84011841,0.803503456,0.199650445,0.332550363,0.566919858,0.811420844,0.926155328,0.897674022,0.864716549,0.830090132,0.744943516,0.313874126,0.25424934,0.271622933,0.507395003,0.672783359,0.721852341,0.71442281,0.694190506,0.735027358,0.357805325,0.305263437,0.244158124,0.287205365,0.393223165,0.401060439,0.355175229,0.247920726,0.172570546,0.320428702,0.304166265,0.240694569,0.18441644,0.128931058,0.09389406,0.074795632,0.190296938,0.110145494,0.088062789
0.700853679,0.796140333,0.795498471,0.841837606,0.889559685,0.768603406,0.816049875,0.919901641,0.951415845,0.971152349,0.973769745,0.943302685,0.867460349,0.764237002,0.580513095,0.711938045,0.869829696,0.973335764,1,0.97832436,0.941487967,0.881021102,0.845662553,0.1452743,0.25839959,0.474301657,0.736395437,0.907055284,0.881096624,0.845710952,0.830425908,0.777969033,0.354369795,0.269622536,0.242358453,0.454397183,0.622838369,0.6736261,0.666354247,0.658263852,0.734125508,0.404663051,0.334659373,0.247435303,0.262657314,0.354347617,0.35560723,0.310392703,0.211988217,0.148010544,0.360741142,0.332645163,0.249590686,0.170708307,0.119084837,0.096576612,0.082298441,0.201717236,0.108051002,0.093174112
0.646835872,0.758905109,0.761523937,0.790887755,0.863147882,0.719379337,0.759201905,0.879183998,0.904454721,0.933973131,0.958945311,0.948814257,0.868847167,0.805637997,0.547533442,0.71471831,0.872657424,0.96251165,0.97832436,1,0.98193457,0.914318074,0.871267763,0.149487558,0.277946151,0.52102975,0.793803377,0.943533976,0.940386535,0.919239651,0.895222592,0.807723945,0.309768547,0.243047014,0.261830039,0.513963227,0.696469981,0.757895013,0.755037189,0.743245176,0.778814249,0.35027736,0.29548917,0.238438303,0.300149897,0.418169161,0.430592983,0.385260482,0.271364065,0.19109982,0.310755731,0.294232705,0.235193684,0.192224391,0.132645164,0.092852063,0.074756686,0.178853339,0.105482083,0.084739554
0.596857032,0.72360531,0.735850303,0.745750588,0.839001111,0.659287901,0.705064929,0.828344156,0.858366582,0.895620208,0.936353061,0.951018732,0.891265537,0.851841945,0.498593789,0.668435807,0.827406311,0.920068492,0.941487967,0.98193457,1,0.961021046,0.912650955,0.124984899,0.248584396,0.49212467,0.767156542,0.921453371,0.936447766,0.937173394,0.935260533,0.846526615,0.309724732,0.232477933,0.240511005,0.495860639,0.689791979,0.760653596,0.767885734,0.766445964,0.801990145,0.349832374,0.289122415,0.225773683,0.28749969,0.412194281,0.4292353,0.38812831,0.273570874,0.192392068,0.310558969,0.290649755,0.227696609,0.185623204,0.128604292,0.090520634,0.074355616,0.174701015,0.101030353,0.082144703
0.542496718,0.688749924,0.717853471,0.695839145,0.815426632,0.579112331,0.641310258,0.76074034,0.804683427,0.848716966,0.89475868,0.928415334,0.927523116,0.907905445,0.416790608,0.564672169,0.728738626,0.84011841,0.881021102,0.914318074,0.961021046,1,0.968702662,0.087406365,0.177720096,0.386450383,0.65354597,0.832488915,0.854365947,0.871686808,0.926760858,0.897925705,0.349945749,0.242998023,0.19004553,0.403918388,0.596457612,0.671325794,0.689231276,0.714406183,0.79335342,0.392272922,0.311642099,0.214875989,0.233411169,0.339929826,0.353600942,0.318920818,0.220636571,0.156666681,0.347295927,0.313400771,0.227062245,0.155719445,0.107845546,0.087930482,0.079121881,0.186061477,0.095623542,0.083435014
0.510829772,0.667033651,0.702174633,0.672475101,0.794334081,0.54968498,0.613094646,0.732094478,0.777958676,0.819357713,0.860335067,0.891890209,0.91025989,0.922663608,0.386398544,0.528474172,0.692684887,0.803503456,0.845662553,0.871267763,0.912650955,0.968702662,1,0.083939113,0.160571525,0.353123245,0.608880784,0.787231507,0.810525959,0.828532895,0.898757983,0.912984212,0.35480872,0.241939642,0.173968547,0.370816831,0.557370251,0.634785956,0.657260837,0.691714314,0.787847543,0.395085673,0.31187177,0.207964779,0.215117083,0.316036665,0.331995339,0.302337355,0.211948828,0.155362129,0.347968345,0.312917802,0.22223262,0.146507687,0.102225405,0.086219016,0.079696495,0.182689948,0.09310942,0.08269402
0.146987238,0.129614828,0.113287312,0.155290155,0.141524929,0.205984621,0.192564951,0.192758066,0.164544967,0.149524819,0.136709267,0.123822504,0.093427351,0.076430058,0.334181777,0.418010186,0.304739014,0.199650445,0.1452743,0.149487558,0.124984899,0.087406365,0.083939113,1,0.837694304,0.623806342,0.387532457,0.196770333,0.188473934,0.182773542,0.129064132,0.073462309,0.439153145,0.515373296,0.587887946,0.482999116,0.344305857,0.29736889,0.279572636,0.229394194,0.121318433,0.333541423,0.399759427,0.453654461,0.467046158,0.435305574,0.418819252,0.397635372,0.381690304,0.327498531,0.340372677,0.368578741,0.408453071,0.437614643,0.406401222,0.35630054,0.286857495,0.39990265,0.381043001,0.333987085
0.191400338,0.185240491,0.168843003,0.221756199,0.21215675,0.264367421,0.263423112,0.286224866,0.256744892,0.241670434,0.22821571,0.212121824,0.159532189,0.151098155,0.330891865,0.501167116,0.436385103,0.332550363,0.25839959,0.277946151,0.248584396,0.177720096,0.160571525,0.837694304,1,0.888145596,0.625822285,0.373458015,0.364946277,0.357029517,0.275428473,0.154707966,0.476856573,0.629244392,0.819990331,0.764013798,0.598378211,0.52537611,0.491135415,0.415726763,0.245453298,0.375639599,0.494747835,0.614000542,0.699679935,0.686250681,0.650460299,0.600229283,0.527056522,0.420283657,0.38656777,0.456633405,0.538322158,0.603091511,0.524510065,0.410887602,0.301157488,0.462898849,0.445325551,0.373125775
0.300189649,0.324484438,0.307835722,0.366665528,0.373702189,0.400756313,0.398193102,0.464553029,0.430881868,0.420347677,0.417973595,0.40795739,0.330850326,0.346967106,0.43943456,0.661430283,0.655729936,0.566919858,0.474301657,0.52102975,0.49212467,0.386450383,0.353123245,0.623806342,0.888145596,1,0.882163932,0.652879303,0.64610697,0.635993275,0.532023661,0.348421975,0.356725764,0.495405954,0.758565557,0.907443591,0.843875329,0.788540198,0.748848994,0.661407666,0.470651922,0.30071538,0.409588017,0.538295067,0.720615665,0.799916144,0.776639328,0.706371853,0.572590474,0.432493332,0.312388821,0.390198576,0.472990857,0.568026052,0.46307384,0.322697233,0.21659686,0.371287118,0.362297176,0.283406664
0.438261905,0.5123952,0.496879001,0.547809422,0.584325092,0.554266018,0.55647292,0.667292215,0.646231933,0.651484494,0.66366289,0.657096544,0.573847564,0.586780718,0.53639878,0.762362914,0.835175267,0.811420844,0.736395437,0.793803377,0.767156542,0.65354597,0.608880784,0.387532457,0.625822285,0.882163932,1,0.9141437,0.903901819,0.882503418,0.791129766,0.595648902,0.293149519,0.358601332,0.567472097,0.85781189,0.946212706,0.938248703,0.903807887,0.837987176,0.707419459,0.277270184,0.333478094,0.412510963,0.605434621,0.747571079,0.745644182,0.675674443,0.522214524,0.386627092,0.273300815,0.326755178,0.371399981,0.442412081,0.337404553,0.215653531,0.141062832,0.274708293,0.252699975,0.185732387
0.549248725,0.65111146,0.643864651,0.68023351,0.736502827,0.645594802,0.662595243,0.788119144,0.796556983,0.819312527,0.839086543,0.828806871,0.761887303,0.734939472,0.54745298,0.727226136,0.864404197,0.926155328,0.907055284,0.943533976,0.921453371,0.832488915,0.787231507,0.196770333,0.373458015,0.652879303,0.9141437,1,0.984426632,0.952416826,0.89840409,0.752464383,0.287203481,0.269265782,0.370657763,0.675245249,0.85449313,0.887045786,0.863695855,0.830342322,0.808300572,0.30375805,0.293989194,0.297165728,0.431370558,0.576323723,0.582033577,0.521522108,0.382585635,0.27717071,0.278332653,0.292150264,0.278301437,0.289297163,0.202727992,0.124508918,0.085808759,0.199138241,0.148302591,0.107183981
0.510552332,0.622205774,0.62038232,0.648492613,0.717416942,0.604637504,0.624985171,0.756827002,0.76515969,0.792954692,0.824515167,0.826322989,0.761556774,0.759994362,0.504572268,0.699827398,0.839632508,0.897674022,0.881096624,0.940386535,0.936447766,0.854365947,0.810525959,0.188473934,0.364946277,0.64610697,0.903901819,0.984426632,1,0.987270109,0.93564225,0.780738054,0.26705627,0.253104071,0.365950154,0.678060748,0.863934072,0.918853983,0.910855158,0.881855376,0.838744067,0.281004849,0.276520694,0.289343992,0.440782667,0.60012015,0.62264634,0.572122686,0.431235244,0.318947825,0.258715768,0.277272421,0.272896621,0.30613358,0.225493427,0.140328029,0.09881348,0.193683383,0.160105321,0.119019413
0.480356051,0.597651805,0.602062469,0.620572199,0.701139277,0.56895787,0.59405178,0.726404305,0.733370975,0.762754683,0.80235988,0.817839986,0.760751336,0.780645507,0.478110101,0.682653374,0.816866734,0.864716549,0.845710952,0.919239651,0.937173394,0.871686808,0.828532895,0.182773542,0.357029517,0.635993275,0.882503418,0.952416826,0.987270109,1,0.962787098,0.80271072,0.254520214,0.237650034,0.34854819,0.660288418,0.848806825,0.91854009,0.92737769,0.907533037,0.852824507,0.270151446,0.263569733,0.274266144,0.426602379,0.592702524,0.626437535,0.585665852,0.446624015,0.33117728,0.249656207,0.26741017,0.262786295,0.301964374,0.230200731,0.146149681,0.104274003,0.188607986,0.161212814,0.122680336
0.462248778,0.588161063,0.60468984,0.607001276,0.70930078,0.524134892,0.567784462,0.70212465,0.723512885,0.759674141,0.803769744,0.833482096,0.813863289,0.831902054,0.427281404,0.606565722,0.756706081,0.830090132,0.830425908,0.895222592,0.935260533,0.926760858,0.898757983,0.129064132,0.275428473,0.532023661,0.791129766,0.89840409,0.93564225,0.962787098,1,0.888266447,0.265916274,0.221226842,0.28072969,0.567067045,0.764751677,0.844405434,0.870006788,0.894753448,0.893954607,0.290085785,0.26312287,0.242386866,0.35969199,0.514893405,0.550969763,0.522795683,0.404096899,0.306039402,0.264818982,0.269699987,0.242891976,0.257847586,0.197512871,0.131845585,0.099867107,0.181052623,0.142411099,0.111770892
0.436178452,0.56241902,0.591608053,0.587815059,0.697230859,0.46212967,0.536028665,0.660153255,0.698684458,0.736109105,0.774999754,0.811576523,0.82711668,0.827688463,0.342689389,0.478487578,0.640990516,0.744943516,0.777969033,0.807723945,0.846526615,0.897925705,0.912984212,0.073462309,0.154707966,0.348421975,0.595648902,0.752464383,0.780738054,0.80271072,0.888266447,1,0.281398727,0.199606647,0.172272008,0.383532192,0.564388516,0.646804213,0.679715238,0.739383051,0.839372495,0.316878351,0.260210691,0.188242605,0.23214459,0.34721167,0.376552008,0.358750245,0.274065833,0.213788876,0.279740021,0.265694676,0.201769901,0.164877195,0.117939696,0.0833445,0.067105759,0.154509654,0.094027074,0.07436028
0.366382055,0.407724371,0.410427982,0.386213909,0.38780241,0.343959973,0.367797556,0.342639117,0.382820592,0.394983175,0.379097356,0.355874816,0.390932086,0.322082446,0.257206015,0.245290009,0.265443907,0.313874126,0.354369795,0.309768547,0.309724732,0.349945749,0.35480872,0.439153145,0.476856573,0.356725764,0.293149519,0.287203481,0.26705627,0.254520214,0.265916274,0.281398727,1,0.921916501,0.621474951,0.395717077,0.314710642,0.263062726,0.231630117,0.205965096,0.221838382,0.958821427,0.942485761,0.799225566,0.533101996,0.398963848,0.33854582,0.304434664,0.31120552,0.29923853,0.93199567,0.907690765,0.804851137,0.590337611,0.570251458,0.574547679,0.504747,0.81542668,0.61839475,0.570564733
0.27956299,0.298091193,0.291637454,0.285436211,0.283626192,0.255757331,0.277760923,0.260724652,0.289332975,0.297862088,0.279772837,0.255302859,0.27171364,0.213479783,0.20792568,0.2268754,0.233560008,0.25424934,0.269622536,0.243047014,0.232477933,0.242998023,0.241939642,0.515373296,0.629244392,0.495405954,0.358601332,0.269265782,0.253104071,0.237650034,0.221226842,0.199606647,0.921916501,1,0.83603907,0.561408129,0.407437405,0.330429074,0.286868131,0.244549952,0.191346009,0.856719424,0.957029526,0.948771156,0.741808707,0.578086941,0.505632127,0.458388969,0.443899053,0.398606196,0.865049024,0.916034948,0.920199897,0.773049594,0.707748762,0.64253041,0.527573407,0.861742319,0.703557024,0.62089999
0.179567694,0.181766276,0.16641167,0.19005581,0.188402542,0.19226077,0.196921168,0.216417992,0.219945105,0.223662607,0.213872745,0.196064765,0.173214182,0.15726366,0.183597206,0.286089503,0.29139616,0.271622933,0.242358453,0.261830039,0.240511005,0.19004553,0.173968547,0.587887946,0.819990331,0.758565557,0.567472097,0.370657763,0.365950154,0.34854819,0.28072969,0.172272008,0.621474951,0.83603907,1,0.844667287,0.642612539,0.545594833,0.490689379,0.422919988,0.259739932,0.535924876,0.717437463,0.896261886,0.941867942,0.842406974,0.769808504,0.699398234,0.624661754,0.519530596,0.566341294,0.678391484,0.816712097,0.863608773,0.734297964,0.579838744,0.439702969,0.687544365,0.642875508,0.537889624
0.259618477,0.292521307,0.275832752,0.312163264,0.327992151,0.319209027,0.314824618,0.384390631,0.376128477,0.384620885,0.391806478,0.385576984,0.336898378,0.354374076,0.316229839,0.485301967,0.525930245,0.507395003,0.454397183,0.513963227,0.495860639,0.403918388,0.370816831,0.482999116,0.764013798,0.907443591,0.85781189,0.675245249,0.678060748,0.660288418,0.567067045,0.383532192,0.395717077,0.561408129,0.844667287,1,0.930458812,0.856292095,0.799676104,0.723390174,0.53076028,0.34432912,0.484687592,0.663116915,0.893675591,0.957148534,0.910129993,0.822378099,0.680047423,0.537983075,0.364747479,0.465453909,0.595188664,0.733484401,0.584877196,0.411202622,0.291531365,0.460815598,0.467109417,0.368597501
0.335391505,0.404791419,0.392417333,0.423965734,0.46170718,0.417366717,0.416173379,0.517262537,0.511214718,0.528125755,0.548850198,0.55121605,0.501962275,0.534233229,0.40440182,0.59106468,0.667966801,0.672783359,0.622838369,0.696469981,0.689791979,0.596457612,0.557370251,0.344305857,0.598378211,0.843875329,0.946212706,0.85449313,0.863934072,0.848806825,0.764751677,0.564388516,0.314710642,0.407437405,0.642612539,0.930458812,1,0.973915245,0.931278843,0.868018398,0.712975736,0.290112143,0.377169597,0.497251536,0.736301501,0.878481994,0.864409252,0.786630745,0.628292019,0.486548772,0.296643736,0.370376253,0.452971904,0.574671462,0.447519723,0.297994794,0.20664642,0.336512465,0.340516989,0.261357823
0.349358826,0.43421988,0.426568955,0.457937652,0.50891406,0.440102821,0.445711653,0.562836419,0.555184339,0.574662491,0.603853527,0.613913215,0.559076312,0.603731916,0.414748996,0.620499862,0.714100992,0.721852341,0.6736261,0.757895013,0.760653596,0.671325794,0.634785956,0.29736889,0.52537611,0.788540198,0.938248703,0.887045786,0.918853983,0.91854009,0.844405434,0.646804213,0.263062726,0.330429074,0.545594833,0.856292095,0.973915245,1,0.986278164,0.939939316,0.79322574,0.248441422,0.314559311,0.414420639,0.649243234,0.82077139,0.847381131,0.797155445,0.648146211,0.508485301,0.253304486,0.315105046,0.383319125,0.513769586,0.419761481,0.284692401,0.205136144,0.288488756,0.312204631,0.247224132
0.338253565,0.425099433,0.422312842,0.453660945,0.51040105,0.42747922,0.440159575,0.561077456,0.551933926,0.570812859,0.6038899,0.620934051,0.567233659,0.619244066,0.40131381,0.613193418,0.710517885,0.71442281,0.666354247,0.755037189,0.767885734,0.689231276,0.657260837,0.279572636,0.491135415,0.748848994,0.903807887,0.863695855,0.910855158,0.92737769,0.870006788,0.679715238,0.231630117,0.286868131,0.490689379,0.799676104,0.931278843,0.986278164,1,0.974522373,0.829929341,0.222077313,0.276925391,0.365432143,0.595119336,0.778631362,0.832736802,0.808980182,0.677405871,0.542641462,0.227560858,0.281638773,0.342315101,0.483732355,0.418754548,0.296630955,0.224419157,0.266070293,0.309502604,0.256838054
0.321063077,0.410859575,0.411394437,0.441312928,0.507211052,0.396959415,0.421545707,0.545946866,0.54471117,0.567235628,0.603096402,0.627422306,0.587828433,0.634225882,0.365921166,0.558573678,0.671711502,0.694190506,0.658263852,0.743245176,0.766445964,0.714406183,0.691714314,0.229394194,0.415726763,0.661407666,0.837987176,0.830342322,0.881855376,0.907533037,0.894753448,0.739383051,0.205965096,0.244549952,0.422919988,0.723390174,0.868018398,0.939939316,0.974522373,1,0.897972145,0.202792025,0.244114617,0.317068097,0.535415331,0.720241292,0.791317732,0.794492646,0.695908521,0.584615496,0.206122016,0.25152182,0.302892286,0.448470074,0.406958235,0.304652468,0.248948658,0.243398754,0.304034062,0.265046607
0.396255624,0.500460162,0.498918334,0.530763718,0.603541564,0.455204279,0.498931254,0.618106213,0.638733934,0.665867756,0.693407805,0.710661497,0.694765494,0.680497047,0.402363318,0.526036238,0.661418888,0.735027358,0.734125508,0.778814249,0.801990145,0.79335342,0.787847543,0.121318433,0.245453298,0.470651922,0.707419459,0.808300572,0.838744067,0.852824507,0.893954607,0.839372495,0.221838382,0.191346009,0.259739932,0.53076028,0.712975736,0.79322574,0.829929341,0.897972145,1,0.242801412,0.231825658,0.224140361,0.356728531,0.515476571,0.569178226,0.570548729,0.496904092,0.433360781,0.225458561,0.242087831,0.229001187,0.282127343,0.240737796,0.180348775,0.157347773,0.173776213,0.178804155,0.15515811
0.442299066,0.477678168,0.484975639,0.459769129,0.461058703,0.402621398,0.436683982,0.405233466,0.448258289,0.458028515,0.439451736,0.415077952,0.443510519,0.351665645,0.305227974,0.269093941,0.298495168,0.357805325,0.404663051,0.35027736,0.349832374,0.392272922,0.395085673,0.333541423,0.375639599,0.30071538,0.277270184,0.30375805,0.281004849,0.270151446,0.290085785,0.316878351,0.958821427,0.856719424,0.535924876,0.34432912,0.290112143,0.248441422,0.222077313,0.202792025,0.242801412,1,0.939378352,0.756623335,0.48196939,0.35520447,0.299216491,0.270981362,0.287497539,0.292286973,0.976133808,0.923423225,0.789340468,0.563707855,0.558230855,0.584913633,0.532889345,0.82879635,0.629080183,0.590464442
0.363321685,0.383504958,0.382319248,0.374171962,0.370022892,0.325996289,0.358984165,0.332563163,0.368626228,0.376397147,0.356117229,0.331069388,0.350520118,0.269086814,0.262949132,0.248472475,0.26588992,0.305263437,0.334659373,0.29548917,0.289122415,0.311642099,0.31187177,0.399759427,0.494747835,0.409588017,0.333478094,0.293989194,0.276520694,0.263569733,0.26312287,0.260210691,0.942485761,0.957029526,0.717437463,0.484687592,0.377169597,0.314559311,0.276925391,0.244114617,0.231825658,0.939378352,1,0.91866826,0.667417117,0.512018928,0.441767962,0.395698006,0.384100744,0.353545679,0.955176552,0.98660503,0.935730828,0.728237013,0.666876773,0.622381334,0.521229204,0.896705598,0.696335877,0.612951344
0.248887537,0.253411854,0.243868194,0.249935242,0.246327583,0.222387602,0.244346792,0.234447834,0.256495614,0.262979977,0.246745308,0.225141465,0.226552407,0.176483229,0.195869649,0.219880262,0.229731273,0.244158124,0.247435303,0.238438303,0.225773683,0.214875989,0.207964779,0.453654461,0.614000542,0.538295067,0.412510963,0.297165728,0.289343992,0.274266144,0.242386866,0.188242605,0.799225566,0.948771156,0.896261886,0.663116915,0.497251536,0.414420639,0.365432143,0.317068097,0.224140361,0.756623335,0.91866826,1,0.870871614,0.71109909,0.633413627,0.572806153,0.533086425,0.466215249,0.799428278,0.900919333,0.9792494,0.88774615,0.774449078,0.657344728,0.52313333,0.872961048,0.743082128,0.631227924
0.173602184,0.180868245,0.166665559,0.18803799,0.19256764,0.180638049,0.186073108,0.214852887,0.220723708,0.229364934,0.227458878,0.217166276,0.196330242,0.192120988,0.176426515,0.26786915,0.289849593,0.287205365,0.262657314,0.300149897,0.28749969,0.233411169,0.215117083,0.467046158,0.699679935,0.720615665,0.605434621,0.431370558,0.440782667,0.426602379,0.35969199,0.23214459,0.533101996,0.741808707,0.941867942,0.893675591,0.736301501,0.649243234,0.595119336,0.535415331,0.356728531,0.48196939,0.667417117,0.870871614,1,0.945681214,0.881328422,0.807454161,0.718618576,0.608767315,0.528611068,0.650880339,0.818925795,0.93217382,0.781886103,0.606799876,0.468219624,0.688439405,0.684495223,0.568210854
0.187919316,0.214038124,0.200779318,0.227205122,0.24262183,0.222649807,0.222454889,0.281366371,0.279243375,0.290891938,0.300845937,0.30024503,0.269347822,0.293851102,0.225705664,0.362741443,0.401482628,0.393223165,0.354347617,0.418169161,0.412194281,0.339929826,0.316036665,0.435305574,0.686250681,0.799916144,0.747571079,0.576323723,0.60012015,0.592702524,0.514893405,0.34721167,0.398963848,0.578086941,0.842406974,0.957148534,0.878481994,0.82077139,0.778631362,0.720241292,0.515476571,0.35520447,0.512018928,0.71109909,0.945681214,1,0.973207423,0.908024514,0.792771253,0.661890111,0.394422867,0.502842325,0.662536272,0.852447654,0.721235765,0.542389088,0.415177289,0.54955643,0.60078121,0.499645962
0.167347079,0.197482151,0.185714489,0.215336373,0.236111503,0.210557974,0.211444205,0.28123124,0.27352855,0.284688699,0.299944151,0.305197855,0.267468265,0.308632226,0.221623373,0.374899144,0.418577755,0.401060439,0.35560723,0.430592983,0.4292353,0.353600942,0.331995339,0.418819252,0.650460299,0.776639328,0.745644182,0.582033577,0.62264634,0.626437535,0.550969763,0.376552008,0.33854582,0.505632127,0.769808504,0.910129993,0.864409252,0.847381131,0.832736802,0.791317732,0.569178226,0.299216491,0.441767962,0.633413627,0.881328422,0.973207423,1,0.975648622,0.884645945,0.758270632,0.342551571,0.438416987,0.594079315,0.828840625,0.756616155,0.595586643,0.477842015,0.524518374,0.628657623,0.548141183
0.133699057,0.157298346,0.147262688,0.177963804,0.19780955,0.172362484,0.176150157,0.242931903,0.233563806,0.24271337,0.258762102,0.267092359,0.229398732,0.277108374,0.190094626,0.33354405,0.376981215,0.355175229,0.310392703,0.385260482,0.38812831,0.318920818,0.302337355,0.397635372,0.600229283,0.706371853,0.675674443,0.521522108,0.572122686,0.585665852,0.522795683,0.358750245,0.304434664,0.458388969,0.699398234,0.822378099,0.786630745,0.797155445,0.808980182,0.794492646,0.570548729,0.270981362,0.395698006,0.572806153,0.807454161,0.908024514,0.975648622,1,0.958222348,0.856610326,0.316626383,0.393383893,0.540704837,0.805443994,0.800383256,0.675632953,0.577402254,0.521384897,0.676302672,0.625465326
0.090820292,0.099988132,0.09049777,0.114980749,0.127335283,0.111187966,0.115639523,0.162861317,0.155947358,0.162044622,0.172521936,0.178043569,0.147357101,0.183660429,0.137312282,0.236173937,0.268263204,0.247920726,0.211988217,0.271364065,0.273570874,0.220636571,0.211948828,0.381690304,0.527056522,0.572590474,0.522214524,0.382585635,0.431235244,0.446624015,0.404096899,0.274065833,0.31120552,0.443899053,0.624661754,0.680047423,0.628292019,0.648146211,0.677405871,0.695908521,0.496904092,0.287497539,0.384100744,0.533086425,0.718618576,0.792771253,0.884645945,0.958222348,1,0.959153102,0.334536183,0.378643763,0.510355259,0.786109401,0.856311421,0.796627617,0.739916423,0.561645326,0.76315451,0.752262351
0.068609527,0.072803797,0.065673662,0.08008015,0.087765394,0.078175459,0.081071353,0.112248643,0.108990602,0.113459977,0.11930894,0.121605286,0.099157141,0.128935003,0.102767306,0.160266122,0.18468637,0.172570546,0.148010544,0.19109982,0.192392068,0.156666681,0.155362129,0.327498531,0.420283657,0.432493332,0.386627092,0.27717071,0.318947825,0.33117728,0.306039402,0.213788876,0.29923853,0.398606196,0.519530596,0.537983075,0.486548772,0.508485301,0.542641462,0.584615496,0.433360781,0.292286973,0.353545679,0.466215249,0.608767315,0.661890111,0.758270632,0.856610326,0.959153102,1,0.335330112,0.347017157,0.45431307,0.716517505,0.826570301,0.82551918,0.82518232,0.55670383,0.77975631,0.79969661
0.412022422,0.433695181,0.441056596,0.418727267,0.416398364,0.364578857,0.398265858,0.363996214,0.403935169,0.411891405,0.392483795,0.369244491,0.398092905,0.304732421,0.292237072,0.252314392,0.271498892,0.320428702,0.360741142,0.310755731,0.310558969,0.347295927,0.347968345,0.340372677,0.38656777,0.312388821,0.273300815,0.278332653,0.258715768,0.249656207,0.264818982,0.279740021,0.93199567,0.865049024,0.566341294,0.364747479,0.296643736,0.253304486,0.227560858,0.206122016,0.225458561,0.976133808,0.955176552,0.799428278,0.528611068,0.394422867,0.342551571,0.316626383,0.334536183,0.335330112,1,0.963987493,0.849795741,0.631373047,0.619803403,0.631125992,0.567125156,0.900863938,0.697757058,0.639628043
0.367107424,0.382095186,0.383225648,0.376982118,0.370744498,0.325736413,0.361154945,0.333149554,0.368374279,0.374724269,0.354644488,0.331707935,0.352458925,0.266206489,0.273513879,0.252563474,0.267166304,0.304166265,0.332645163,0.294232705,0.290649755,0.313400771,0.312917802,0.368578741,0.456633405,0.390198576,0.326755178,0.292150264,0.277272421,0.26741017,0.269699987,0.265694676,0.907690765,0.916034948,0.678391484,0.465453909,0.370376253,0.315105046,0.281638773,0.25152182,0.242087831,0.923423225,0.98660503,0.900919333,0.650880339,0.502842325,0.438416987,0.393383893,0.378643763,0.347017157,0.963987493,1,0.944258053,0.726858524,0.660799018,0.611967753,0.510078462,0.914926255,0.702148488,0.60798576
0.269938701,0.27192119,0.26690692,0.269179106,0.265009872,0.233351994,0.260727506,0.243657975,0.26817961,0.273824238,0.257127018,0.237618341,0.245719716,0.184938023,0.212562439,0.217230976,0.223456157,0.240694569,0.249590686,0.235193684,0.227696609,0.227062245,0.22223262,0.408453071,0.538322158,0.472990857,0.371399981,0.278301437,0.272896621,0.262786295,0.242891976,0.201769901,0.804851137,0.920199897,0.816712097,0.595188664,0.452971904,0.383319125,0.342315101,0.302892286,0.229001187,0.789340468,0.935730828,0.9792494,0.818925795,0.662536272,0.594079315,0.540704837,0.510355259,0.45431307,0.849795741,0.944258053,1,0.878421146,0.773156748,0.668716931,0.540781595,0.920182442,0.771143873,0.653670748
0.150942739,0.142856445,0.1332867,0.143847552,0.145194949,0.128113039,0.14155194,0.146729187,0.156979616,0.162971293,0.15594303,0.145449885,0.137962915,0.119083638,0.140719605,0.183400661,0.188651625,0.18441644,0.170708307,0.192224391,0.185623204,0.155719445,0.146507687,0.437614643,0.603091511,0.568026052,0.442412081,0.289297163,0.30613358,0.301964374,0.257847586,0.164877195,0.590337611,0.773049594,0.863608773,0.733484401,0.574671462,0.513769586,0.483732355,0.448470074,0.282127343,0.563707855,0.728237013,0.88774615,0.93217382,0.852447654,0.828840625,0.805443994,0.786109401,0.716517505,0.631373047,0.726858524,0.878421146,1,0.931039076,0.802279454,0.674212839,0.840265316,0.875254328,0.777585785
0.140887167,0.123432638,0.115436396,0.115890942,0.11614425,0.103248211,0.115114944,0.109011446,0.118881927,0.123173975,0.114349743,0.103355351,0.097696577,0.079544386,0.122061396,0.139220141,0.137626951,0.128931058,0.119084837,0.132645164,0.128604292,0.107845546,0.102225405,0.406401222,0.524510065,0.46307384,0.337404553,0.202727992,0.225493427,0.230200731,0.197512871,0.117939696,0.570251458,0.707748762,0.734297964,0.584877196,0.447519723,0.419761481,0.418754548,0.406958235,0.240737796,0.558230855,0.666876773,0.774449078,0.781886103,0.721235765,0.756616155,0.800383256,0.856311421,0.826570301,0.619803403,0.660799018,0.773156748,0.931039076,1,0.953360233,0.858481876,0.841049805,0.954246954,0.924894534
0.161962626,0.144339167,0.141471002,0.123486486,0.124856906,0.110901341,0.120511759,0.099745467,0.113660301,0.117815113,0.10675757,0.093783871,0.096744025,0.069136199,0.119427545,0.100469045,0.094221993,0.09389406,0.096576612,0.092852063,0.090520634,0.087930482,0.086219016,0.35630054,0.410887602,0.322697233,0.215653531,0.124508918,0.140328029,0.146149681,0.131845585,0.0833445,0.574547679,0.64253041,0.579838744,0.411202622,0.297994794,0.284692401,0.296630955,0.304652468,0.180348775,0.584913633,0.622381334,0.657344728,0.606799876,0.542389088,0.595586643,0.675632953,0.796627617,0.82551918,0.631125992,0.611967753,0.668716931,0.802279454,0.953360233,1,0.964517391,0.815373146,0.951163627,0.981021835
