1,0.959957771,0.898491838,0.828133879,0.913340236,0.637827485,0.664466209,0.654479977,0.694515265,0.71662255,0.719590445,0.697940393,0.724471813,0.692367989,0.386776367,0.460236268,0.498455695,0.504376197,0.52934642,0.51470996,0.490956232,0.489845497,0.407879955,0.265187337,0.320661581,0.382777744,0.386950865,0.388371613,0.388448476,0.340735066,0.360402054,0.355153671,0.165354311,0.205285686,0.284181892,0.301852127,0.288659415,0.270382351,0.260722581,0.255286168,0.231385364,0.134782005,0.131738366,0.172554673,0.183453732,0.187197223,0.154193962,0.15177048,0.109521378,0.139190255,0.110296953,0.083995213,0.083579208,0.074435978,0.09254654,0.130648392,0.185425291,0.092119699,0.142615897,0.187935815
0.959957771,1,0.947612184,0.787547331,0.924884788,0.570159074,0.602692552,0.596613921,0.642228655,0.669765049,0.678685015,0.666124455,0.711860358,0.693819218,0.33725549,0.402634721,0.438731816,0.447137558,0.475909981,0.469479059,0.461620183,0.48359553,0.414862403,0.232945221,0.280460693,0.332496445,0.337840599,0.34293933,0.357935374,0.339185047,0.361866897,0.368072564,0.147883895,0.182171505,0.249239741,0.268570947,0.264751351,0.268721133,0.266112759,0.259896269,0.235206225,0.119474009,0.1184479,0.153381325,0.168899101,0.180818617,0.15705488,0.153872096,0.101657193,0.11815198,0.102476996,0.078059361,0.077664228,0.074852137,0.082254934,0.112106106,0.161286781,0.088253416,0.127268435,0.165604879
0.898491838,0.947612184,1,0.698207425,0.897989343,0.481927629,0.506088125,0.49737917,0.542364136,0.572896845,0.589878603,0.593055746,0.663740799,0.668088309,0.281561678,0.328288852,0.35262542,0.358285819,0.387055062,0.390702334,0.40242073,0.451616078,0.402127997,0.197970259,0.234612467,0.266873712,0.268557121,0.274589391,0.304103711,0.316457891,0.343873305,0.3669319,0.132022328,0.159865226,0.208144771,0.223952653,0.227573428,0.251704752,0.260257346,0.257813848,0.237021806,0.107344086,0.108002545,0.133501802,0.149701944,0.166870662,0.15351736,0.152949535,0.094906313,0.097009647,0.094710572,0.073609807,0.073267193,0.074598994,0.072358742,0.092022613,0.131909069,0.081695899,0.109547875,0.138095407
0.828133879,0.787547331,0.698207425,1,0.809578595,0.790254024,0.8426475,0.844975889,0.859794711,0.853833381,0.832360549,0.769036694,0.726345284,0.636258273,0.535832373,0.656667651,0.718632299,0.723103878,0.727812406,0.681801343,0.587299614,0.493885756,0.369406428,0.383463151,0.473179035,0.584770053,0.592394797,0.580871863,0.516418377,0.366178219,0.359575992,0.32360175,0.238900515,0.300903991,0.429261156,0.446861349,0.402644332,0.310232083,0.276069418,0.268334789,0.249595535,0.193682979,0.18626687,0.263546797,0.266942639,0.245927035,0.182396992,0.180029373,0.15822217,0.211487308,0.123568476,0.105682812,0.106427522,0.091020462,0.128252487,0.1791539,0.240495506,0.080486907,0.154059104,0.222124399
0.913340236,0.924884788,0.897989343,0.809578595,1,0.615088413,0.660755845,0.672604002,0.722618107,0.752710377,0.756727594,0.745382632,0.79817994,0.78063505,0.39152301,0.475779392,0.526946593,0.543846046,0.576880739,0.570807845,0.548632405,0.558182821,0.472785042,0.281734822,0.344292348,0.416589568,0.430021512,0.437128783,0.438524916,0.373801687,0.387103472,0.384316484,0.188590964,0.232794746,0.319728163,0.342653355,0.326578872,0.291977677,0.272977955,0.266682894,0.238857769,0.160877463,0.155918853,0.198782721,0.206172472,0.203461602,0.158639996,0.155094641,0.120322877,0.166534563,0.137729984,0.104474508,0.103627147,0.079541987,0.110503071,0.160250379,0.227572632,0.118839494,0.172433008,0.229170881
0.637827485,0.570159074,0.481927629,0.790254024,0.615088413,1,0.918493711,0.860866533,0.821762897,0.788033473,0.776094699,0.709129869,0.625971132,0.485160512,0.825977229,0.858434972,0.834439743,0.777956152,0.749383517,0.716347807,0.609175093,0.444778131,0.285131549,0.65751704,0.728166356,0.772814619,0.720529245,0.675328702,0.602662213,0.384867149,0.313139829,0.271673433,0.462681247,0.538992326,0.651026385,0.614270122,0.536125953,0.369013866,0.287490729,0.269713408,0.2251008,0.377211975,0.372472563,0.474647105,0.440091303,0.37204239,0.242066537,0.196048681,0.145824723,0.166303815,0.206435281,0.226584753,0.230332232,0.148929202,0.106969715,0.130225583,0.174247298,0.089091733,0.104108818,0.154731418
0.664466209,0.602692552,0.506088125,0.8426475,0.660755845,0.918493711,1,0.971559858,0.937161588,0.90522432,0.889400798,0.823785437,0.728271828,0.579314287,0.743235323,0.898840647,0.929401771,0.892256259,0.870301555,0.832572407,0.719703859,0.537954199,0.355236839,0.597818914,0.718206748,0.831467598,0.812109887,0.779143131,0.697896454,0.436646026,0.339945361,0.276886692,0.410531036,0.511070883,0.674589294,0.673343041,0.602619041,0.416043449,0.29869307,0.267651598,0.213130368,0.348831203,0.350651485,0.475623854,0.461868616,0.398980386,0.25124827,0.195333409,0.149384538,0.18685758,0.19779722,0.215364636,0.218919639,0.144654832,0.11788881,0.155874645,0.214406206,0.095741386,0.128505445,0.194136347
0.654479977,0.596613921,0.49737917,0.844975889,0.672604002,0.860866533,0.971559858,1,0.98391128,0.95970644,0.93001009,0.859664726,0.761840992,0.630216492,0.6734228,0.865049128,0.950899317,0.950436539,0.939450874,0.891865234,0.758451578,0.57921066,0.401503087,0.532651524,0.669648803,0.837730636,0.85839818,0.840460019,0.739971599,0.445569983,0.352776956,0.284056287,0.365431175,0.468121719,0.662788848,0.695607246,0.628624567,0.423906439,0.29321199,0.260763148,0.213487155,0.323292549,0.320834123,0.452476617,0.451577372,0.390141782,0.236212517,0.190963468,0.167834315,0.234595507,0.197247535,0.200538346,0.203185614,0.133516623,0.145703824,0.205689367,0.282446002,0.112479996,0.17006541,0.256455559
0.694515265,0.642228655,0.542364136,0.859794711,0.722618107,0.821762897,0.937161588,0.98391128,1,0.990974813,0.962828318,0.896421953,0.81060315,0.692995508,0.61546454,0.809242446,0.9197725,0.94537083,0.95305744,0.911374417,0.785531375,0.62159801,0.447861107,0.471744845,0.608564241,0.793675154,0.838099646,0.83778545,0.748302913,0.465335025,0.376382935,0.30413943,0.318944943,0.417408162,0.618142475,0.670671508,0.616826012,0.428070655,0.301144925,0.266244372,0.214505212,0.286686258,0.28342789,0.410734081,0.421261386,0.371996497,0.229164167,0.190702557,0.17259414,0.249620696,0.186219466,0.179284429,0.181138888,0.124655614,0.157034226,0.226791408,0.312736315,0.122493777,0.194372234,0.288479379
0.71662255,0.669765049,0.572896845,0.853833381,0.752710377,0.788033473,0.90522432,0.95970644,0.990974813,1,0.981806151,0.929082281,0.853961739,0.743889046,0.574892641,0.766932688,0.884977431,0.924218887,0.947854825,0.921843737,0.815429772,0.666012404,0.490970005,0.430877524,0.568292503,0.757482233,0.814680972,0.828307062,0.759553327,0.489509042,0.397087881,0.321177834,0.291867561,0.387801428,0.590257881,0.655627567,0.614654063,0.440358649,0.309573818,0.270444182,0.20956499,0.26780158,0.265647622,0.390920399,0.410925112,0.370443756,0.230162353,0.189031838,0.166574772,0.243354132,0.184032846,0.17272966,0.174259963,0.121377814,0.155236014,0.227376174,0.317744203,0.13019307,0.201512707,0.297199885
0.719590445,0.678685015,0.589878603,0.832360549,0.756727594,0.776094699,0.889400798,0.93001009,0.962828318,0.981806151,1,0.967969549,0.89541082,0.769471048,0.573215669,0.757835835,0.857345136,0.888790738,0.922052311,0.927846146,0.865121535,0.71861827,0.521878515,0.429529256,0.572060726,0.743719665,0.793985567,0.815405985,0.788584872,0.545040036,0.421803546,0.336029373,0.296106942,0.397449407,0.597666601,0.662887977,0.637745385,0.485099712,0.338255274,0.285737975,0.196920114,0.271332219,0.277398375,0.411918319,0.442297949,0.411071035,0.263179296,0.196108589,0.139611644,0.187459631,0.18018618,0.183209436,0.185862778,0.133241585,0.122708928,0.176614155,0.257476952,0.118988462,0.162586095,0.243925012
0.697940393,0.666124455,0.593055746,0.769036694,0.745382632,0.709129869,0.823785437,0.859664726,0.896421953,0.929082281,0.967969549,1,0.94316604,0.825438689,0.51665462,0.696440316,0.786198239,0.817727847,0.863965846,0.904914688,0.902382791,0.797673832,0.600095249,0.381596574,0.525985629,0.685863364,0.739838014,0.773510966,0.791623791,0.585677358,0.450676776,0.366240612,0.269959881,0.371092186,0.566863989,0.641919948,0.636553007,0.507023863,0.34769598,0.28963523,0.189468146,0.256893528,0.267986814,0.401618874,0.443901673,0.422874772,0.271080994,0.190451722,0.121651453,0.162713222,0.182561819,0.187302942,0.189937867,0.133145226,0.108774458,0.15951582,0.242253726,0.129983359,0.157568741,0.235279754
0.724471813,0.711860358,0.663740799,0.726345284,0.79817994,0.625971132,0.728271828,0.761840992,0.81060315,0.853961739,0.89541082,0.94316604,1,0.924772476,0.428413029,0.590123286,0.671531477,0.705349613,0.758867945,0.809797263,0.852402037,0.849087386,0.679633869,0.309708164,0.436018579,0.574719698,0.627259015,0.665414099,0.710943241,0.571935897,0.473682516,0.411947458,0.221264454,0.307099417,0.476694909,0.551105452,0.558525992,0.469681054,0.338292404,0.291728463,0.201259563,0.217443712,0.228121246,0.336015339,0.37961145,0.371466076,0.244973668,0.176282156,0.11117899,0.154301606,0.18054686,0.17070787,0.171991783,0.117040848,0.105683563,0.15919482,0.244103296,0.147825275,0.171241139,0.244957877
0.692367989,0.693819218,0.668088309,0.636258273,0.78063505,0.485160512,0.579314287,0.630216492,0.692995508,0.743889046,0.769471048,0.825438689,0.924772476,1,0.293385432,0.431104453,0.524684335,0.576034937,0.635237062,0.672630295,0.720796457,0.816107444,0.74878991,0.202121204,0.295208716,0.425516185,0.490630744,0.534332911,0.57225525,0.473013623,0.444390087,0.427669996,0.153875983,0.205836581,0.338894738,0.417846411,0.429566611,0.36374774,0.267024654,0.243879643,0.188085112,0.169755655,0.170041207,0.229047457,0.264197264,0.260931234,0.168374934,0.131533463,0.111351208,0.187855805,0.198493429,0.154032063,0.152371869,0.094983236,0.136020731,0.210831447,0.30818916,0.201747453,0.242428939,0.318678744
0.386776367,0.33725549,0.281561678,0.535832373,0.39152301,0.825977229,0.743235323,0.6734228,0.61546454,0.574892641,0.573215669,0.51665462,0.428413029,0.293385432,1,0.841611625,0.741536602,0.650031924,0.603633254,0.59304711,0.48962016,0.309951301,0.173244651,0.871291684,0.859460688,0.791013519,0.686624952,0.616006629,0.557725597,0.334460226,0.231417797,0.20724052,0.713830019,0.760097279,0.774412726,0.669844606,0.571937722,0.376565522,0.273833813,0.246575615,0.19743689,0.604219741,0.595062501,0.662027355,0.573163542,0.465100825,0.304483646,0.225473153,0.16447605,0.143608697,0.361585016,0.410454828,0.415178422,0.263898104,0.136815138,0.11988288,0.125108835,0.17630721,0.109600866,0.114206015
0.460236268,0.402634721,0.328288852,0.656667651,0.475779392,0.858434972,0.898840647,0.865049128,0.809242446,0.766932688,0.757835835,0.696440316,0.590123286,0.431104453,0.841611625,1,0.942948927,0.861488687,0.814244443,0.792572698,0.675212545,0.457892187,0.270262613,0.794482881,0.91145621,0.944988097,0.871283023,0.809541433,0.727618728,0.427985214,0.283819763,0.224390543,0.611732907,0.72164642,0.844613783,0.792806552,0.698430215,0.462001721,0.303376522,0.260203167,0.193825788,0.528166599,0.53845383,0.666152005,0.615897704,0.514087593,0.317344853,0.223056633,0.160022534,0.164979516,0.308579503,0.360732472,0.366239706,0.234561774,0.131776763,0.13954895,0.171244951,0.148574955,0.119538839,0.154970244
0.498455695,0.438731816,0.35262542,0.718632299,0.526946593,0.834439743,0.929401771,0.950899317,0.9197725,0.884977431,0.857345136,0.786198239,0.671531477,0.524684335,0.741536602,0.942948927,1,0.975332641,0.943369467,0.902656699,0.756767891,0.536767774,0.348009219,0.647059357,0.798340014,0.951095804,0.950545769,0.914702647,0.800879986,0.453733808,0.314824776,0.241041599,0.484344213,0.605481206,0.803534099,0.818940714,0.735700596,0.479155096,0.300733896,0.25443197,0.197040785,0.437660339,0.442294405,0.595493709,0.580393738,0.491007795,0.289209006,0.211329751,0.174009343,0.221097068,0.261065571,0.292464229,0.296981818,0.192310966,0.151542336,0.193108644,0.254747124,0.136080446,0.156961113,0.228332023
0.504376197,0.447137558,0.358285819,0.723103878,0.543846046,0.777956152,0.892256259,0.950436539,0.94537083,0.924218887,0.888790738,0.817727847,0.705349613,0.576034937,0.650031924,0.861488687,0.975332641,1,0.987883287,0.944007246,0.789777753,0.578667117,0.399116534,0.533767749,0.690782035,0.900392064,0.953471231,0.946194648,0.825077419,0.466438479,0.335400115,0.252944243,0.39045036,0.506740703,0.736233786,0.798426653,0.732817921,0.480378325,0.298776127,0.251308747,0.195758634,0.365488971,0.36624285,0.52431633,0.534404077,0.460563758,0.267651682,0.205636483,0.188650432,0.262116344,0.229994522,0.244703046,0.24816383,0.167299939,0.173565454,0.23755818,0.318136302,0.138577433,0.191534023,0.285814654
0.52934642,0.475909981,0.387055062,0.727812406,0.576880739,0.749383517,0.870301555,0.939450874,0.95305744,0.947854825,0.922052311,0.863965846,0.758867945,0.635237062,0.603633254,0.814244443,0.943369467,0.987883287,1,0.972681462,0.838673241,0.637305608,0.453539125,0.476746463,0.634507656,0.85566437,0.930852395,0.946185561,0.85029418,0.503293783,0.363856009,0.273437197,0.345089335,0.457731335,0.694573793,0.778336391,0.731841515,0.497824389,0.311381779,0.257875286,0.189454278,0.329513299,0.33046747,0.488405132,0.513988007,0.453988974,0.266427033,0.204221435,0.185211337,0.2628167,0.216521992,0.224499321,0.227526456,0.157895861,0.174842528,0.245376627,0.334383197,0.143082538,0.203654537,0.304573394
0.51470996,0.469479059,0.390702334,0.681801343,0.570807845,0.716347807,0.832572407,0.891865234,0.911374417,0.921843737,0.927846146,0.904914688,0.809797263,0.672630295,0.59304711,0.792572698,0.902656699,0.944007246,0.972681462,1,0.929490798,0.726903574,0.519791041,0.471905968,0.634795349,0.838840581,0.915797368,0.951029584,0.925063771,0.610527582,0.420080101,0.308159982,0.35497869,0.474486061,0.714341859,0.81143131,0.795965978,0.592013725,0.369273759,0.289458522,0.175984741,0.343877253,0.355566796,0.530443007,0.578418758,0.534101349,0.327084596,0.226281151,0.162260174,0.206173693,0.226721645,0.253575598,0.258037409,0.188194877,0.148220496,0.199518568,0.280959564,0.148838358,0.171935823,0.259481778
0.490956232,0.461620183,0.40242073,0.587299614,0.548632405,0.609175093,0.719703859,0.758451578,0.785531375,0.815429772,0.865121535,0.902382791,0.852402037,0.720796457,0.48962016,0.675212545,0.756767891,0.789777753,0.838673241,0.929490798,1,0.864429491,0.652193682,0.382652929,0.540500816,0.709951087,0.783464291,0.842104269,0.93202759,0.771472442,0.546210056,0.400755433,0.295418009,0.411166441,0.634443256,0.746700365,0.788375651,0.69327859,0.462739523,0.351505859,0.181432005,0.294318174,0.324148183,0.50082178,0.588462576,0.592556555,0.406368379,0.262740676,0.131834437,0.122999328,0.207484629,0.255017794,0.260804503,0.221871849,0.111724559,0.130276536,0.193313854,0.155345517,0.128512062,0.187061001
0.489845497,0.48359553,0.451616078,0.493885756,0.558182821,0.444778131,0.537954199,0.57921066,0.62159801,0.666012404,0.71861827,0.797673832,0.849087386,0.816107444,0.309951301,0.457892187,0.536767774,0.578667117,0.637305608,0.726903574,0.864429491,1,0.850453971,0.228535339,0.341150613,0.484235132,0.56288856,0.626606951,0.75249354,0.749992697,0.611397517,0.56875949,0.179807104,0.256081857,0.434276804,0.556480516,0.627265144,0.635438716,0.46308461,0.374304052,0.241141073,0.191745789,0.216051866,0.345368428,0.447903621,0.490109247,0.366285089,0.24706119,0.11524092,0.113408422,0.184399816,0.200789619,0.203979412,0.188053382,0.104834584,0.128037392,0.199153257,0.182340512,0.147963726,0.202162951
0.407879955,0.414862403,0.402127997,0.369406428,0.472785042,0.285131549,0.355236839,0.401503087,0.447861107,0.490970005,0.521878515,0.600095249,0.679633869,0.74878991,0.173244651,0.270262613,0.348009219,0.399116534,0.453539125,0.519791041,0.652193682,0.850453971,1,0.122471609,0.181631565,0.297016204,0.378832775,0.44072197,0.552465402,0.643826336,0.626601462,0.685849998,0.10230495,0.135249746,0.259751381,0.378775577,0.456758856,0.519173259,0.408089475,0.341263148,0.268796872,0.118721695,0.128922413,0.203699371,0.297938282,0.354121824,0.282392195,0.206488953,0.109222578,0.135620568,0.173393697,0.151515121,0.151489263,0.144521546,0.116257895,0.15723526,0.237662085,0.207153534,0.18747009,0.244730908
0.265187337,0.232945221,0.197970259,0.383463151,0.281734822,0.65751704,0.597818914,0.532651524,0.471744845,0.430877524,0.429529256,0.381596574,0.309708164,0.202121204,0.871291684,0.794482881,0.647059357,0.533767749,0.476746463,0.471905968,0.382652929,0.228535339,0.122471609,1,0.928032571,0.763887517,0.618237351,0.528089088,0.485030636,0.290571383,0.184179148,0.170636197,0.881881333,0.90286121,0.820859941,0.664274684,0.556881633,0.372733008,0.269930533,0.235529511,0.184881778,0.758001802,0.757167586,0.7674473,0.636780051,0.510862756,0.354399694,0.262594482,0.204769059,0.15723661,0.507819608,0.562619205,0.56658244,0.368623131,0.199588251,0.157460913,0.130947134,0.292164646,0.172800783,0.136044137
0.320661581,0.280460693,0.234612467,0.473179035,0.344292348,0.728166356,0.718206748,0.669648803,0.608564241,0.568292503,0.572060726,0.525985629,0.436018579,0.295208716,0.859460688,0.91145621,0.798340014,0.690782035,0.634507656,0.634795349,0.540500816,0.341150613,0.181631565,0.928032571,1,0.905827921,0.777457386,0.693013756,0.642804167,0.380171561,0.221618875,0.181894229,0.835233274,0.917127156,0.923522726,0.801518913,0.695642026,0.468900343,0.307131415,0.256128367,0.184706163,0.734351691,0.752852127,0.824943052,0.723712701,0.595441738,0.392864498,0.271810423,0.194621745,0.153391389,0.479773167,0.553088444,0.558726835,0.364839751,0.183445683,0.149059397,0.137274921,0.267269095,0.158182374,0.138833461
0.382777744,0.332496445,0.266873712,0.584770053,0.416589568,0.772814619,0.831467598,0.837730636,0.793675154,0.757482233,0.743719665,0.685863364,0.574719698,0.425516185,0.791013519,0.944988097,0.951095804,0.900392064,0.85566437,0.838840581,0.709951087,0.484235132,0.297016204,0.763887517,0.905827921,1,0.961110817,0.905599667,0.814711297,0.463428094,0.282469785,0.214680426,0.649756708,0.775312396,0.935140414,0.916563389,0.825151928,0.550981858,0.329229466,0.26335045,0.186257816,0.604258544,0.621345497,0.77314539,0.738113625,0.624654911,0.383276535,0.258867233,0.187163258,0.188436428,0.385269694,0.450156802,0.456467157,0.305307547,0.17237107,0.175729907,0.205245162,0.211466524,0.161169967,0.191290542
0.386950865,0.337840599,0.268557121,0.592394797,0.430021512,0.720529245,0.812109887,0.85839818,0.838099646,0.814680972,0.793985567,0.739838014,0.627259015,0.490630744,0.686624952,0.871283023,0.950545769,0.953471231,0.930852395,0.915797368,0.783464291,0.56288856,0.378832775,0.618237351,0.777457386,0.961110817,1,0.981775736,0.887304978,0.510723451,0.31840046,0.237842651,0.512990533,0.642685073,0.869636664,0.928499191,0.868005284,0.592787352,0.339689304,0.262658288,0.175194486,0.497813396,0.512443161,0.694778504,0.709573127,0.620676838,0.371534785,0.24975433,0.186747378,0.215276569,0.322941359,0.376433461,0.382413249,0.269608732,0.177017305,0.20567007,0.262149535,0.191734957,0.177482618,0.239200527
0.388371613,0.34293933,0.274589391,0.580871863,0.437128783,0.675328702,0.779143131,0.840460019,0.83778545,0.828307062,0.815405985,0.773510966,0.665414099,0.534332911,0.616006629,0.809541433,0.914702647,0.946194648,0.946185561,0.951029584,0.842104269,0.626606951,0.44072197,0.528089088,0.693013756,0.905599667,0.981775736,1,0.932963437,0.567897268,0.356811308,0.26197184,0.429801442,0.557966557,0.808724049,0.909402718,0.881970032,0.63275363,0.363694986,0.273709403,0.164502487,0.426716938,0.443732632,0.637970617,0.685882578,0.622486733,0.377869113,0.251550995,0.181285346,0.212495066,0.282222053,0.332177879,0.33815593,0.254184033,0.173125267,0.20933953,0.276044351,0.180264745,0.17826939,0.251919033
0.388448476,0.357935374,0.304103711,0.516418377,0.438524916,0.602662213,0.697896454,0.739971599,0.748302913,0.759553327,0.788584872,0.791623791,0.710943241,0.57225525,0.557725597,0.727618728,0.800879986,0.825077419,0.85029418,0.925063771,0.93202759,0.75249354,0.552465402,0.485030636,0.642804167,0.814711297,0.887304978,0.932963437,1,0.763700118,0.478894569,0.357615565,0.417422846,0.544623381,0.77958851,0.897958393,0.936108181,0.802162561,0.505490562,0.370587725,0.180687828,0.421865147,0.46056461,0.66534136,0.760220012,0.750014851,0.517072274,0.334144082,0.179686514,0.14012938,0.294946372,0.378051109,0.386305135,0.339222963,0.16243957,0.155527879,0.194906642,0.212863203,0.149415797,0.187105331
0.340735066,0.339185047,0.316457891,0.366178219,0.373801687,0.384867149,0.436646026,0.445569983,0.465335025,0.489509042,0.545040036,0.585677358,0.571935897,0.473013623,0.334460226,0.427985214,0.453733808,0.466438479,0.503293783,0.610527582,0.771472442,0.749992697,0.643826336,0.290571383,0.380171561,0.463428094,0.510723451,0.567897268,0.763700118,1,0.822442425,0.656554748,0.247244922,0.330763556,0.479225374,0.585536537,0.70161096,0.896293412,0.837799531,0.698189141,0.42796692,0.233756961,0.287282949,0.448129033,0.595744961,0.716947793,0.718758417,0.59505113,0.341805618,0.186043838,0.171815155,0.276767785,0.286119206,0.452309974,0.268534838,0.191749231,0.162427969,0.209145601,0.171519758,0.158947434
0.360402054,0.361866897,0.343873305,0.359575992,0.387103472,0.313139829,0.339945361,0.352776956,0.376382935,0.397087881,0.421803546,0.450676776,0.473682516,0.444390087,0.231417797,0.283819763,0.314824776,0.335400115,0.363856009,0.420080101,0.546210056,0.611397517,0.626601462,0.184179148,0.221618875,0.282469785,0.31840046,0.356811308,0.478894569,0.822442425,1,0.794386425,0.12603107,0.161367146,0.251367643,0.322710343,0.396521116,0.610012555,0.7755027,0.743180453,0.593159202,0.095432746,0.104933639,0.190498827,0.283801721,0.391476333,0.49915693,0.5351012,0.355593643,0.246976946,0.070828096,0.084610637,0.088001994,0.25135931,0.241333291,0.206189205,0.197607618,0.094087744,0.144637375,0.176315216
0.355153671,0.368072564,0.3669319,0.32360175,0.384316484,0.271673433,0.276886692,0.284056287,0.30413943,0.321177834,0.336029373,0.366240612,0.411947458,0.427669996,0.20724052,0.224390543,0.241041599,0.252944243,0.273437197,0.308159982,0.400755433,0.56875949,0.685849998,0.170636197,0.181894229,0.214680426,0.237842651,0.26197184,0.357615565,0.656554748,0.794386425,1,0.116247755,0.135676465,0.195495674,0.253915395,0.320270497,0.532238789,0.685342539,0.680360029,0.668951974,0.084115229,0.090867336,0.153389836,0.237350901,0.338329641,0.441706909,0.493857173,0.344640734,0.258620565,0.07072319,0.083422168,0.086067227,0.239597018,0.237545834,0.208673165,0.201038936,0.110406611,0.161764409,0.18366593
0.165354311,0.147883895,0.132022328,0.238900515,0.188590964,0.462681247,0.410531036,0.365431175,0.318944943,0.291867561,0.296106942,0.269959881,0.221264454,0.153875983,0.713830019,0.611732907,0.484344213,0.39045036,0.345089335,0.35497869,0.295418009,0.179807104,0.10230495,0.881881333,0.835233274,0.649756708,0.512990533,0.429801442,0.417422846,0.247244922,0.12603107,0.116247755,1,0.959372303,0.800040571,0.63424473,0.540139124,0.378700694,0.254054584,0.209766388,0.157993224,0.92407597,0.91822611,0.85266912,0.704429595,0.571693922,0.420227595,0.309236495,0.2711256,0.209541239,0.728493621,0.769019944,0.770380422,0.512279374,0.309428117,0.249315933,0.195328028,0.497890169,0.308554988,0.224716131
0.205285686,0.182171505,0.159865226,0.300903991,0.232794746,0.538992326,0.511070883,0.468121719,0.417408162,0.387801428,0.397449407,0.371092186,0.307099417,0.205836581,0.760097279,0.72164642,0.605481206,0.506740703,0.457731335,0.474486061,0.411166441,0.256081857,0.135249746,0.90286121,0.917127156,0.775312396,0.642685073,0.557966557,0.544623381,0.330763556,0.161367146,0.135676465,0.959372303,1,0.912085126,0.764169979,0.668487032,0.475670233,0.308023667,0.246867827,0.173376426,0.90730094,0.931014437,0.929431725,0.801528201,0.664494568,0.474176375,0.336206672,0.267368885,0.196319295,0.690529789,0.764975221,0.768961527,0.522476056,0.293554758,0.229584352,0.179238922,0.461039757,0.279119636,0.204606478
0.284181892,0.249239741,0.208144771,0.429261156,0.319728163,0.651026385,0.674589294,0.662788848,0.618142475,0.590257881,0.597666601,0.566863989,0.476694909,0.338894738,0.774412726,0.844613783,0.803534099,0.736233786,0.694573793,0.714341859,0.634443256,0.434276804,0.259751381,0.820859941,0.923522726,0.935140414,0.869636664,0.808724049,0.77958851,0.479225374,0.251367643,0.195495674,0.800040571,0.912085126,1,0.949248551,0.872207843,0.629801051,0.37774253,0.288890805,0.182176862,0.777123405,0.812725508,0.934821378,0.886521024,0.766445484,0.512177803,0.340569751,0.233265293,0.177531734,0.552111692,0.650482134,0.657859702,0.470774429,0.239470557,0.195898792,0.181931792,0.352888292,0.220063451,0.191323851
0.301852127,0.268570947,0.223952653,0.446861349,0.342653355,0.614270122,0.673343041,0.695607246,0.670671508,0.655627567,0.662887977,0.641919948,0.551105452,0.417846411,0.669844606,0.792806552,0.818940714,0.798426653,0.778336391,0.81143131,0.746700365,0.556480516,0.378775577,0.664274684,0.801518913,0.916563389,0.928499191,0.909402718,0.897958393,0.585536537,0.322710343,0.253915395,0.63424473,0.764169979,0.949248551,1,0.969271937,0.741277264,0.430865962,0.315816027,0.177317364,0.642516714,0.683104827,0.867163662,0.898772704,0.819515759,0.544359254,0.351467717,0.22155355,0.176691053,0.459995932,0.562960764,0.571560503,0.449801396,0.227067569,0.199767669,0.211662571,0.314731953,0.213055032,0.213484716
0.288659415,0.264751351,0.227573428,0.402644332,0.326578872,0.536125953,0.602619041,0.628624567,0.616826012,0.614654063,0.637745385,0.636553007,0.558525992,0.429566611,0.571937722,0.698430215,0.735700596,0.732817921,0.731841515,0.795965978,0.788375651,0.627265144,0.456758856,0.556881633,0.695642026,0.825151928,0.868005284,0.881970032,0.936108181,0.70161096,0.396521116,0.320270497,0.540139124,0.668487032,0.872207843,0.969271937,1,0.856086527,0.521718181,0.3753662,0.190826284,0.561273882,0.61583828,0.820476485,0.911459775,0.887436242,0.63258702,0.409347265,0.233118554,0.154952768,0.416178895,0.538835412,0.548921993,0.496883135,0.23609247,0.190568966,0.191995401,0.320734547,0.209995095,0.198901532
0.270382351,0.268721133,0.251704752,0.310232083,0.291977677,0.369013866,0.416043449,0.423906439,0.428070655,0.440358649,0.485099712,0.507023863,0.469681054,0.36374774,0.376565522,0.462001721,0.479155096,0.480378325,0.497824389,0.592013725,0.69327859,0.635438716,0.519173259,0.372733008,0.468900343,0.550981858,0.592787352,0.63275363,0.802162561,0.896293412,0.610012555,0.532238789,0.378700694,0.475670233,0.629801051,0.741277264,0.856086527,1,0.811502045,0.640045484,0.383056759,0.396764424,0.470921699,0.654336286,0.817504441,0.923146262,0.862564506,0.668302792,0.40520596,0.218542888,0.319081805,0.476832542,0.489040559,0.655754983,0.371476447,0.259911846,0.192648177,0.352634181,0.27338271,0.209395067
0.260722581,0.266112759,0.260257346,0.276069418,0.272977955,0.287490729,0.29869307,0.29321199,0.301144925,0.309573818,0.338255274,0.34769598,0.338292404,0.267024654,0.273833813,0.303376522,0.300733896,0.298776127,0.311381779,0.369273759,0.462739523,0.46308461,0.408089475,0.269930533,0.307131415,0.329229466,0.339689304,0.363694986,0.505490562,0.837799531,0.7755027,0.685342539,0.254054584,0.308023667,0.37774253,0.430865962,0.521718181,0.811502045,1,0.937307111,0.704367901,0.236825427,0.289447503,0.399370475,0.521953676,0.667997388,0.863595552,0.898953458,0.686457245,0.446552478,0.172938592,0.298715724,0.308759964,0.635307308,0.559420924,0.432668476,0.308926599,0.265404717,0.348265121,0.298896818
0.255286168,0.259896269,0.257813848,0.268334789,0.266682894,0.269713408,0.267651598,0.260763148,0.266244372,0.270444182,0.285737975,0.28963523,0.291728463,0.243879643,0.246575615,0.260203167,0.25443197,0.251308747,0.257875286,0.289458522,0.351505859,0.374304052,0.341263148,0.235529511,0.256128367,0.26335045,0.262658288,0.273709403,0.370587725,0.698189141,0.743180453,0.680360029,0.209766388,0.246867827,0.288890805,0.315816027,0.3753662,0.640045484,0.937307111,1,0.78858885,0.184257085,0.217025722,0.293706273,0.379128358,0.503712366,0.740781198,0.871760828,0.734511444,0.51861434,0.120789755,0.212072861,0.219732432,0.540103158,0.565133235,0.461681201,0.340545638,0.19955173,0.338671811,0.313671919
0.231385364,0.235206225,0.237021806,0.249595535,0.238857769,0.2251008,0.213130368,0.213487155,0.214505212,0.20956499,0.196920114,0.189468146,0.201259563,0.188085112,0.19743689,0.193825788,0.197040785,0.195758634,0.189454278,0.175984741,0.181432005,0.241141073,0.268796872,0.184881778,0.184706163,0.186257816,0.175194486,0.164502487,0.180687828,0.42796692,0.593159202,0.668951974,0.157993224,0.173376426,0.182176862,0.177317364,0.190826284,0.383056759,0.704367901,0.78858885,1,0.143418237,0.148898959,0.174452268,0.208731335,0.289425262,0.523307928,0.731082171,0.71629474,0.616119359,0.098991636,0.143499847,0.147046668,0.402091788,0.546108924,0.48679853,0.386924611,0.163061821,0.339035507,0.339121695
0.134782005,0.119474009,0.107344086,0.193682979,0.160877463,0.377211975,0.348831203,0.323292549,0.286686258,0.26780158,0.271332219,0.256893528,0.217443712,0.169755655,0.604219741,0.528166599,0.437660339,0.365488971,0.329513299,0.343877253,0.294318174,0.191745789,0.118721695,0.758001802,0.734351691,0.604258544,0.497813396,0.426716938,0.421865147,0.233756961,0.095432746,0.084115229,0.92407597,0.90730094,0.777123405,0.642516714,0.561273882,0.396764424,0.236825427,0.184257085,0.143418237,1,0.96950388,0.883985455,0.749628612,0.614344578,0.450592175,0.328837764,0.31382941,0.263618162,0.874531975,0.892268437,0.891564296,0.584890745,0.383768183,0.327624673,0.26977866,0.651639058,0.41723586,0.314760945
0.131738366,0.1184479,0.108002545,0.18626687,0.155918853,0.372472563,0.350651485,0.320834123,0.28342789,0.265647622,0.277398375,0.267986814,0.228121246,0.170041207,0.595062501,0.53845383,0.442294405,0.36624285,0.33046747,0.355566796,0.324148183,0.216051866,0.128922413,0.757167586,0.752852127,0.621345497,0.512443161,0.443732632,0.46056461,0.287282949,0.104933639,0.090867336,0.91822611,0.931014437,0.812725508,0.683104827,0.61583828,0.470921699,0.289447503,0.217025722,0.148898959,0.96950388,1,0.936344499,0.820490906,0.697533317,0.532534916,0.382191872,0.341312552,0.266402486,0.878140305,0.935108897,0.936505943,0.659737119,0.418213092,0.343504432,0.270356394,0.685808174,0.441756203,0.321957859
0.172554673,0.153381325,0.133501802,0.263546797,0.198782721,0.474647105,0.475623854,0.452476617,0.410734081,0.390920399,0.411918319,0.401618874,0.336015339,0.229047457,0.662027355,0.666152005,0.595493709,0.52431633,0.488405132,0.530443007,0.50082178,0.345368428,0.203699371,0.7674473,0.824943052,0.77314539,0.694778504,0.637970617,0.66534136,0.448129033,0.190498827,0.153389836,0.85266912,0.929431725,0.934821378,0.867163662,0.820476485,0.654336286,0.399370475,0.293706273,0.174452268,0.883985455,0.936344499,1,0.952801505,0.849817015,0.629902428,0.428444003,0.313307468,0.208350393,0.725562262,0.845163975,0.852285973,0.661130325,0.357305787,0.26899727,0.202831857,0.55168642,0.343361111,0.241812979
0.183453732,0.168899101,0.149701944,0.266942639,0.206172472,0.440091303,0.461868616,0.451577372,0.421261386,0.410925112,0.442297949,0.443901673,0.37961145,0.264197264,0.573163542,0.615897704,0.580393738,0.534404077,0.513988007,0.578418758,0.588462576,0.447903621,0.297938282,0.636780051,0.723712701,0.738113625,0.709573127,0.685882578,0.760220012,0.595744961,0.283801721,0.237350901,0.704429595,0.801528201,0.886521024,0.898772704,0.911459775,0.817504441,0.521953676,0.379128358,0.208731335,0.749628612,0.820490906,0.952801505,1,0.960119644,0.7510752,0.511524135,0.33629057,0.197936438,0.619983675,0.776929675,0.787384951,0.716657367,0.371339106,0.265884674,0.195106968,0.521037885,0.337069346,0.23413724
0.187197223,0.180818617,0.166870662,0.245927035,0.203461602,0.37204239,0.398980386,0.390141782,0.371996497,0.370443756,0.411071035,0.422874772,0.371466076,0.260931234,0.465100825,0.514087593,0.491007795,0.460563758,0.453988974,0.534101349,0.592556555,0.490109247,0.354121824,0.510862756,0.595441738,0.624654911,0.620676838,0.622486733,0.750014851,0.716947793,0.391476333,0.338329641,0.571693922,0.664494568,0.766445484,0.819515759,0.887436242,0.923146262,0.667997388,0.503712366,0.289425262,0.614344578,0.697533317,0.849817015,0.960119644,1,0.873135025,0.635187974,0.413176192,0.230507636,0.520271445,0.700852624,0.713191542,0.783709332,0.433046558,0.303026799,0.209071334,0.505798961,0.361176072,0.248698855
0.154193962,0.15705488,0.15351736,0.182396992,0.158639996,0.242066537,0.25124827,0.236212517,0.229164167,0.230162353,0.263179296,0.271080994,0.244973668,0.168374934,0.304483646,0.317344853,0.289209006,0.267651682,0.266427033,0.327084596,0.406368379,0.366285089,0.282392195,0.354399694,0.392864498,0.383276535,0.371534785,0.377869113,0.517072274,0.718758417,0.49915693,0.441706909,0.420227595,0.474176375,0.512177803,0.544359254,0.63258702,0.862564506,0.863595552,0.740781198,0.523307928,0.450592175,0.532534916,0.629902428,0.7510752,0.873135025,1,0.899758028,0.700157068,0.459719769,0.411490749,0.594062736,0.605928942,0.898668622,0.686056809,0.523793187,0.364085127,0.524589737,0.522926257,0.39766303
0.15177048,0.153872096,0.152949535,0.180029373,0.155094641,0.196048681,0.195333409,0.190963468,0.190702557,0.189031838,0.196108589,0.190451722,0.176282156,0.131533463,0.225473153,0.223056633,0.211329751,0.205636483,0.204221435,0.226281151,0.262740676,0.24706119,0.206488953,0.262594482,0.271810423,0.258867233,0.24975433,0.251550995,0.334144082,0.59505113,0.5351012,0.493857173,0.309236495,0.336206672,0.340569751,0.351467717,0.409347265,0.668302792,0.898953458,0.871760828,0.731082171,0.328837764,0.382191872,0.428444003,0.511524135,0.635187974,0.899758028,1,0.904894993,0.681491584,0.307787165,0.43957165,0.448090448,0.806478285,0.821428453,0.688869291,0.514207572,0.446098082,0.588804721,0.512758766
0.109521378,0.101657193,0.094906313,0.15822217,0.120322877,0.145824723,0.149384538,0.167834315,0.17259414,0.166574772,0.139611644,0.121651453,0.11117899,0.111351208,0.16447605,0.160022534,0.174009343,0.188650432,0.185211337,0.162260174,0.131834437,0.11524092,0.109222578,0.204769059,0.194621745,0.187163258,0.186747378,0.181285346,0.179686514,0.341805618,0.355593643,0.344640734,0.2711256,0.267368885,0.233265293,0.22155355,0.233118554,0.40520596,0.686457245,0.734511444,0.71629474,0.31382941,0.341312552,0.313307468,0.33629057,0.413176192,0.700157068,0.904894993,1,0.902578172,0.357582384,0.423610673,0.426305315,0.725953005,0.938775426,0.883033681,0.740018843,0.516714723,0.739006313,0.71500053
0.139190255,0.11815198,0.097009647,0.211487308,0.166534563,0.166303815,0.18685758,0.234595507,0.249620696,0.243354132,0.187459631,0.162713222,0.154301606,0.187855805,0.143608697,0.164979516,0.221097068,0.262116344,0.2628167,0.206173693,0.122999328,0.113408422,0.135620568,0.15723661,0.153391389,0.188436428,0.215276569,0.212495066,0.14012938,0.186043838,0.246976946,0.258620565,0.209541239,0.196319295,0.177531734,0.176691053,0.154952768,0.218542888,0.446552478,0.51861434,0.616119359,0.263618162,0.266402486,0.208350393,0.197936438,0.230507636,0.459719769,0.681491584,0.902578172,1,0.360144476,0.357412355,0.354771162,0.553739147,0.891901648,0.939814202,0.899786489,0.531922493,0.784996575,0.83989533
0.110296953,0.102476996,0.094710572,0.123568476,0.137729984,0.206435281,0.19779722,0.197247535,0.186219466,0.184032846,0.18018618,0.182561819,0.18054686,0.198493429,0.361585016,0.308579503,0.261065571,0.229994522,0.216521992,0.226721645,0.207484629,0.184399816,0.173393697,0.507819608,0.479773167,0.385269694,0.322941359,0.282222053,0.294946372,0.171815155,0.070828096,0.07072319,0.728493621,0.690529789,0.552111692,0.459995932,0.416178895,0.319081805,0.172938592,0.120789755,0.098991636,0.874531975,0.878140305,0.725562262,0.619983675,0.520271445,0.411490749,0.307787165,0.357582384,0.360144476,1,0.948961556,0.942788682,0.625578787,0.49437359,0.47142588,0.433044697,0.880754899,0.614228209,0.502408674
0.083995213,0.078059361,0.073609807,0.105682812,0.104474508,0.226584753,0.215364636,0.200538346,0.179284429,0.17272966,0.183209436,0.187302942,0.17070787,0.154032063,0.410454828,0.360732472,0.292464229,0.244703046,0.224499321,0.253575598,0.255017794,0.200789619,0.151515121,0.562619205,0.553088444,0.450156802,0.376433461,0.332177879,0.378051109,0.276767785,0.084610637,0.083422168,0.769019944,0.764975221,0.650482134,0.562960764,0.538835412,0.476832542,0.298715724,0.212072861,0.143499847,0.892268437,0.935108897,0.845163975,0.776929675,0.700852624,0.594062736,0.43957165,0.423610673,0.357412355,0.948961556,1,0.998818688,0.778694039,0.550573599,0.475430937,0.392467053,0.873926552,0.618096311,0.467024012
0.083579208,0.077664228,0.073267193,0.106427522,0.103627147,0.230332232,0.218919639,0.203185614,0.181138888,0.174259963,0.185862778,0.189937867,0.171991783,0.152371869,0.415178422,0.366239706,0.296981818,0.24816383,0.227526456,0.258037409,0.260804503,0.203979412,0.151489263,0.56658244,0.558726835,0.456467157,0.382413249,0.33815593,0.386305135,0.286119206,0.088001994,0.086067227,0.770380422,0.768961527,0.657859702,0.571560503,0.548921993,0.489040559,0.308759964,0.219732432,0.147046668,0.891564296,0.936505943,0.852285973,0.787384951,0.713191542,0.605928942,0.448090448,0.426305315,0.354771162,0.942788682,0.998818688,1,0.786025892,0.551140657,0.47245664,0.386781837,0.868871974,0.614188107,0.461266367
0.074435978,0.074852137,0.074598994,0.091020462,0.079541987,0.148929202,0.144654832,0.133516623,0.124655614,0.121377814,0.133241585,0.133145226,0.117040848,0.094983236,0.263898104,0.234561774,0.192310966,0.167299939,0.157895861,0.188194877,0.221871849,0.188053382,0.144521546,0.368623131,0.364839751,0.305307547,0.269608732,0.254184033,0.339222963,0.452309974,0.25135931,0.239597018,0.512279374,0.522476056,0.470774429,0.449801396,0.496883135,0.655754983,0.635307308,0.540103158,0.402091788,0.584890745,0.659737119,0.661130325,0.716657367,0.783709332,0.898668622,0.806478285,0.725953005,0.553739147,0.625578787,0.778694039,0.786025892,1,0.810673714,0.671023393,0.507616321,0.766244306,0.753602894,0.581943178
0.09254654,0.082254934,0.072358742,0.128252487,0.110503071,0.106969715,0.11788881,0.145703824,0.157034226,0.155236014,0.122708928,0.108774458,0.105683563,0.136020731,0.136815138,0.131776763,0.151542336,0.173565454,0.174842528,0.148220496,0.111724559,0.104834584,0.116257895,0.199588251,0.183445683,0.17237107,0.177017305,0.173125267,0.16243957,0.268534838,0.241333291,0.237545834,0.309428117,0.293554758,0.239470557,0.227067569,0.23609247,0.371476447,0.559420924,0.565133235,0.546108924,0.383768183,0.418213092,0.357305787,0.371339106,0.433046558,0.686056809,0.821428453,0.938775426,0.891901648,0.49437359,0.550573599,0.551140657,0.810673714,1,0.961550535,0.84241087,0.697413954,0.897820793,0.860794715
0.130648392,0.112106106,0.092022613,0.1791539,0.160250379,0.130225583,0.155874645,0.205689367,0.226791408,0.227376174,0.176614155,0.15951582,0.15919482,0.210831447,0.11988288,0.13954895,0.193108644,0.23755818,0.245376627,0.199518568,0.130276536,0.128037392,0.15723526,0.157460913,0.149059397,0.175729907,0.20567007,0.20933953,0.155527879,0.191749231,0.206189205,0.208673165,0.249315933,0.229584352,0.195898792,0.199767669,0.190568966,0.259911846,0.432668476,0.461681201,0.48679853,0.327624673,0.343504432,0.26899727,0.265884674,0.303026799,0.523793187,0.688869291,0.883033681,0.939814202,0.47142588,0.475430937,0.47245664,0.671023393,0.961550535,1,0.94823434,0.679473063,0.912238921,0.944205652
